
TIME STEP:
125 = 0.5ms

VOLTAGE STEP:
CH1:  32 = 3V~
CH2:  32 = 1V~
GND	112	127
N	CH1	CH2

0	125	65
1	124	65
2	125	67
3	124	66
4	124	66
5	124	66
6	124	66
7	124	66
8	124	66
9	124	66
10	124	66
11	124	66
12	125	66
13	125	66
14	125	67
15	126	67
16	126	67
17	126	67
18	127	67
19	127	67
20	127	67
21	127	67
22	128	67
23	128	67
24	128	67
25	128	67
26	129	67
27	129	67
28	129	67
29	130	67
30	130	67
31	130	67
32	131	67
33	131	66
34	131	67
35	131	67
36	131	66
37	131	67
38	131	66
39	131	67
40	131	67
41	131	66
42	131	66
43	130	66
44	130	66
45	130	66
46	129	66
47	130	66
48	129	65
49	129	66
50	130	67
51	129	65
52	128	65
53	128	66
54	128	66
55	128	66
56	127	66
57	127	65
58	127	66
59	127	66
60	126	66
61	127	65
62	127	66
63	126	66
64	126	66
65	126	66
66	126	67
67	125	66
68	125	66
69	125	66
70	125	67
71	125	66
72	125	67
73	125	67
74	125	67
75	125	67
76	126	67
77	126	67
78	127	67
79	126	67
80	127	67
81	127	67
82	127	67
83	127	67
84	127	67
85	127	67
86	127	67
87	128	67
88	128	67
89	128	67
90	129	67
91	129	67
92	129	67
93	129	67
94	129	67
95	129	67
96	129	67
97	129	67
98	130	67
99	129	67
100	129	67
101	130	67
102	129	67
103	130	67
104	130	67
105	129	67
106	129	67
107	130	67
108	130	67
109	129	67
110	129	67
111	129	66
112	129	67
113	129	66
114	129	68
115	129	67
116	128	67
117	129	67
118	128	67
119	128	67
120	128	66
121	127	67
122	127	66
123	127	67
124	127	67
125	179	221
126	178	220
127	176	219
128	174	219
129	171	217
130	169	217
131	165	216
132	162	216
133	159	215
134	155	215
135	152	214
136	147	214
137	143	214
138	139	213
139	135	213
140	130	213
141	126	213
142	122	213
143	119	213
144	114	214
145	111	214
146	107	215
147	104	215
148	101	215
149	98	215
150	96	216
151	94	217
152	92	217
153	91	217
154	89	218
155	89	219
156	88	219
157	88	220
158	88	220
159	89	221
160	90	221
161	91	222
162	93	223
163	95	223
164	97	224
165	99	224
166	102	224
167	105	225
168	107	225
169	111	225
170	114	225
171	117	225
172	121	226
173	124	226
174	127	226
175	130	225
176	133	225
177	136	225
178	140	226
179	142	225
180	145	225
181	147	224
182	149	224
183	151	224
184	153	223
185	154	223
186	155	223
187	157	222
188	157	222
189	157	220
190	157	221
191	157	220
192	157	220
193	157	219
194	157	220
195	155	219
196	154	218
197	152	218
198	151	217
199	149	217
200	146	216
201	144	217
202	142	216
203	140	216
204	137	216
205	135	216
206	132	216
207	129	216
208	127	216
209	125	216
210	123	216
211	120	216
212	118	216
213	116	216
214	114	216
215	113	216
216	111	217
217	109	217
218	108	217
219	107	218
220	106	217
221	105	219
222	105	219
223	105	219
224	105	219
225	105	220
226	106	221
227	106	221
228	107	221
229	108	221
230	109	222
231	111	222
232	112	222
233	114	222
234	115	223
235	117	223
236	119	223
237	120	223
238	123	223
239	124	223
240	126	223
241	128	223
242	130	223
243	132	223
244	133	223
245	135	223
246	137	223
247	138	223
248	140	222
249	141	222
250	142	222
251	143	222
252	144	222
253	145	221
254	145	221
255	145	220
256	145	220
257	145	220
258	146	220
259	145	220
260	145	219
261	144	219
262	143	218
263	142	218
264	141	219
265	141	217
266	139	218
267	137	217
268	136	217
269	135	217
270	133	217
271	132	217
272	131	217
273	129	216
274	128	217
275	126	217
276	125	217
277	123	217
278	122	217
279	121	217
280	120	217
281	119	217
282	117	218
283	117	217
284	116	218
285	115	218
286	115	219
287	115	219
288	115	219
289	114	219
290	115	220
291	114	219
292	115	219
293	115	220
294	115	220
295	117	220
296	117	221
297	117	221
298	118	221
299	119	220
300	120	221
301	121	221
302	123	221
303	124	222
304	125	221
305	126	221
306	127	222
307	129	221
308	130	221
309	131	221
310	132	221
311	132	221
312	133	221
313	134	220
314	135	220
315	136	221
316	137	220
317	137	220
318	138	220
319	138	220
320	138	220
321	138	219
322	139	220
323	138	219
324	138	219
325	138	219
326	137	218
327	137	219
328	137	218
329	136	219
330	135	218
331	135	218
332	134	217
333	133	217
334	133	217
335	132	217
336	131	217
337	129	217
338	129	218
339	128	217
340	127	217
341	127	217
342	125	217
343	125	217
344	124	217
345	123	217
346	122	217
347	122	218
348	121	217
349	121	218
350	121	218
351	120	219
352	120	219
353	119	219
354	120	219
355	120	219
356	120	219
357	120	219
358	120	219
359	121	219
360	121	219
361	121	219
362	122	220
363	122	220
364	123	220
365	123	220
366	124	220
367	125	220
368	126	220
369	126	220
370	127	220
371	128	220
372	128	220
373	129	220
374	129	220
375	131	220
376	131	220
377	131	220
378	132	220
379	133	220
380	133	219
381	133	219
382	133	219
383	134	219
384	134	219
385	134	219
386	135	220
387	135	219
388	134	219
389	134	219
390	134	219
391	134	219
392	133	219
393	133	218
394	133	218
395	133	218
396	132	217
397	131	217
398	131	218
399	131	217
400	130	217
401	129	218
402	129	219
403	128	218
404	128	218
405	127	217
406	127	217
407	127	217
408	125	218
409	125	217
410	125	218
411	124	218
412	124	217
413	124	218
414	123	218
415	123	219
416	123	218
417	123	218
418	123	219
419	123	218
420	123	218
421	123	218
422	123	218
423	123	219
424	123	219
425	124	219
426	124	219
427	124	219
428	124	219
429	125	219
430	125	219
431	126	219
432	126	219
433	127	219
434	127	219
435	127	219
436	127	219
437	128	219
438	129	219
439	129	219
440	129	219
441	129	219
442	130	219
443	130	219
444	131	219
445	131	219
446	131	219
447	131	219
448	131	219
449	131	219
450	132	219
451	132	219
452	131	218
453	132	219
454	131	218
455	131	218
456	131	218
457	131	218
458	131	218
459	130	217
460	130	218
461	129	217
462	130	217
463	130	217
464	129	217
465	129	217
466	129	218
467	128	217
468	128	217
469	128	217
470	127	217
471	127	217
472	126	217
473	126	217
474	126	217
475	126	218
476	125	217
477	125	217
478	125	217
479	125	218
480	125	218
481	125	218
482	125	219
483	125	218
484	125	217
485	125	218
486	125	218
487	125	217
488	125	219
489	125	218
490	125	218
491	126	218
492	126	219
493	126	218
494	126	219
495	126	218
496	127	218
497	126	219
498	127	219
499	127	218
500	127	218
501	128	219
502	128	218
503	128	218
504	129	218
505	129	218
506	129	218
507	129	219
508	129	218
509	129	218
510	130	218
511	130	218
512	130	218
513	130	218
514	131	218
515	130	218
516	130	218
517	130	218
518	130	217
519	130	217
520	130	218
521	129	217
522	129	217
523	130	217
524	129	217
525	129	217
526	129	217
527	129	217
528	129	217
529	129	217
530	129	217
531	128	217
532	128	217
533	128	217
534	127	217
535	127	217
536	127	217
537	127	217
538	127	217
539	127	217
540	127	218
541	126	217
542	126	217
543	126	217
544	126	217
545	126	217
546	126	218
547	126	217
548	126	217
549	126	217
550	126	218
551	126	217
552	126	217
553	126	217
554	126	218
555	126	217
556	127	217
557	127	217
558	127	218
559	127	217
560	127	217
561	127	218
562	128	218
563	127	218
564	127	217
565	128	218
566	128	217
567	128	218
568	128	217
569	129	217
570	129	217
571	129	217
572	78	64
573	79	65
574	81	66
575	83	67
576	86	67
577	89	67
578	92	68
579	95	69
580	99	69
581	103	70
582	107	70
583	111	71
584	115	71
585	119	71
586	123	71
587	128	71
588	132	71
589	136	71
590	140	71
591	144	71
592	147	70
593	151	70
594	154	70
595	157	69
596	159	68
597	161	68
598	163	68
599	165	66
600	166	66
601	167	65
602	168	65
603	167	64
604	168	64
605	167	64
606	166	63
607	165	62
608	163	62
609	162	61
610	160	62
611	157	61
612	155	60
613	153	60
614	149	59
615	146	59
616	143	59
617	140	59
618	137	59
619	134	59
620	130	59
621	127	59
622	124	59
623	121	58
624	118	59
625	115	59
626	113	60
627	110	59
628	108	60
629	105	60
630	104	61
631	103	61
632	101	62
633	99	62
634	99	63
635	98	63
636	98	63
637	98	64
638	98	64
639	99	65
640	99	65
641	101	65
642	101	66
643	103	66
644	105	67
645	107	67
646	108	67
647	111	67
648	113	68
649	115	68
650	117	68
651	120	69
652	122	68
653	125	69
654	127	69
655	129	68
656	132	68
657	135	69
658	137	69
659	139	68
660	141	68
661	143	68
662	145	68
663	146	67
664	147	67
665	148	67
666	149	66
667	150	66
668	150	65
669	150	65
670	151	65
671	151	64
672	151	64
673	150	64
674	149	64
675	149	64
676	147	63
677	146	63
678	145	62
679	143	62
680	142	62
681	140	62
682	138	62
683	137	62
684	135	62
685	132	61
686	130	61
687	129	62
688	127	62
689	125	61
690	124	62
691	121	62
692	120	62
693	118	62
694	117	62
695	115	62
696	114	62
697	113	63
698	112	63
699	112	63
700	111	63
701	111	63
702	111	64
703	110	64
704	111	65
705	111	65
706	111	66
707	111	65
708	112	65
709	113	66
710	114	66
711	115	66
712	116	67
713	117	67
714	119	66
715	120	67
716	121	67
717	123	67
718	124	67
719	126	68
720	127	67
721	129	67
722	130	68
723	131	67
724	133	67
725	134	67
726	135	67
727	137	67
728	137	67
729	138	67
730	140	67
731	140	66
732	141	66
733	141	66
734	141	65
735	142	65
736	142	65
737	141	65
738	142	65
739	141	65
740	141	64
741	140	64
742	139	64
743	138	64
744	137	63
745	137	63
746	136	63
747	135	64
748	133	63
749	133	63
750	131	63
751	130	63
752	129	63
753	128	63
754	127	64
755	125	63
756	125	63
757	123	63
758	123	63
759	121	63
760	121	64
761	120	64
762	120	64
763	119	64
764	119	64
765	118	64
766	118	64
767	117	65
768	117	65
769	117	65
770	118	65
771	118	65
772	118	65
773	118	65
774	119	65
775	119	66
776	120	67
777	121	66
778	121	66
779	122	66
780	123	67
781	124	67
782	125	67
783	125	67
784	126	67
785	127	66
786	129	67
787	129	67
788	130	67
789	131	67
790	131	67
791	132	66
792	133	67
793	133	67
794	134	67
795	135	67
796	135	67
797	135	66
798	135	66
799	136	66
800	136	65
801	136	65
802	137	66
803	136	65
804	136	65
805	136	65
806	135	65
807	135	65
808	134	65
809	134	65
810	133	64
811	133	64
812	132	64
813	131	65
814	131	64
815	130	64
816	129	64
817	129	65
818	129	65
819	127	64
820	126	64
821	126	64
822	125	64
823	125	64
824	125	65
825	124	64
826	123	65
827	123	64
828	122	65
829	122	64
830	122	65
831	122	65
832	121	65
833	122	65
834	122	66
835	121	66
836	122	66
837	122	66
838	122	66
839	122	65
840	123	66
841	123	66
842	123	67
843	124	67
844	124	67
845	125	67
846	125	67
847	125	67
848	126	67
849	127	67
850	128	67
851	128	67
852	129	66
853	129	67
854	129	67
855	129	67
856	130	67
857	131	67
858	131	66
859	131	67
860	131	67
861	132	66
862	133	67
863	133	66
864	133	66
865	133	66
866	133	67
867	133	66
868	133	66
869	133	66
870	133	66
871	132	65
872	132	66
873	132	66
874	131	65
875	131	65
876	131	65
877	130	65
878	129	65
879	129	65
880	129	65
881	129	65
882	129	65
883	128	65
884	127	65
885	127	65
886	127	66
887	126	65
888	125	65
889	125	65
890	125	65
891	125	65
892	125	65
893	125	65
894	124	66
895	124	65
896	124	66
897	124	66
898	124	67
899	124	66
900	124	66
901	124	67
902	124	67
903	124	67
904	125	66
905	125	67
906	125	67
907	125	67
908	126	67
909	126	67
910	126	67
911	126	67
912	127	67
913	127	67
914	128	67
915	128	67
916	128	67
917	128	67
918	129	67
919	129	67
920	129	67
921	129	67
922	129	67
923	130	67
924	131	67
925	130	67
926	131	67
927	131	67
928	131	66
929	131	67
930	131	67
931	131	66
932	131	67
933	131	67
934	130	66
935	131	66
936	131	66
937	130	66
938	130	66
939	130	66
940	129	66
941	129	65
942	129	66
943	129	66
944	129	66
945	128	66
946	129	66
947	128	65
948	128	66
949	127	66
950	127	66
951	127	66
952	127	66
953	127	66
954	126	66
955	126	66
956	126	66
957	126	66
958	126	66
959	126	66
960	126	67
961	126	67
962	126	67
963	125	67
964	125	66
965	125	67
966	126	67
967	125	66
968	126	67
969	126	67
970	126	67
971	126	67
972	126	67
973	127	67
974	127	67
975	127	67
976	127	67
977	127	67
978	128	68
979	128	67
980	128	67
981	128	67
982	128	67
983	128	67
984	129	67
985	129	67
986	129	67
987	129	67
988	129	67
989	129	67
990	129	67
991	129	67
992	130	67
993	129	67
994	130	67
995	130	66
996	129	67
997	129	67
998	129	66
999	130	67
1000	129	67
1001	129	66
1002	129	67
1003	129	67
1004	129	67
1005	129	67
1006	128	67
1007	128	67
1008	129	67
1009	128	66
1010	129	67
1011	128	66
1012	128	66
1013	127	67
1014	127	67
1015	127	67
1016	127	67
1017	127	67
1018	179	221
1019	177	220
1020	176	219
1021	173	218
1022	171	217
1023	169	217
1024	165	216
1025	162	216
1026	159	216
1027	155	215
1028	151	214
1029	147	214
1030	143	214
1031	139	213
1032	135	213
1033	130	213
1034	126	213
1035	121	213
1036	118	214
1037	113	214
1038	110	214
1039	106	214
1040	103	214
1041	100	214
1042	98	216
1043	95	216
1044	93	216
1045	91	217
1046	90	217
1047	89	218
1048	88	219
1049	88	220
1050	88	220
1051	89	220
1052	89	221
1053	90	222
1054	91	222
1055	93	223
1056	95	223
1057	97	223
1058	100	225
1059	103	224
1060	105	225
1061	108	225
1062	111	225
1063	115	225
1064	117	226
1065	121	225
1066	124	226
1067	127	226
1068	130	225
1069	134	226
1070	137	225
1071	139	225
1072	143	225
1073	145	225
1074	148	225
1075	149	224
1076	151	224
1077	153	223
1078	154	223
1079	156	223
1080	157	222
1081	157	222
1082	158	222
1083	158	220
1084	157	220
1085	157	220
1086	157	219
1087	156	219
1088	155	219
1089	153	218
1090	152	218
1091	150	217
1092	149	217
1093	146	217
1094	144	216
1095	142	216
1096	139	216
1097	137	215
1098	135	216
1099	132	216
1100	129	215
1101	127	215
1102	125	216
1103	122	215
1104	120	216
1105	117	216
1106	116	217
1107	114	216
1108	112	216
1109	110	217
1110	109	217
1111	107	217
1112	107	218
1113	106	218
1114	105	218
1115	105	219
1116	105	219
1117	105	219
1118	105	220
1119	106	220
1120	106	221
1121	107	221
1122	108	222
1123	109	221
1124	111	222
1125	112	222
1126	113	222
1127	115	222
1128	117	223
1129	119	223
1130	121	223
1131	123	223
1132	125	223
1133	126	223
1134	129	223
1135	130	223
1136	132	223
1137	134	223
1138	136	223
1139	137	223
1140	138	222
1141	140	222
1142	141	222
1143	142	222
1144	143	222
1145	144	221
1146	145	221
1147	145	220
1148	145	220
1149	146	220
1150	145	220
1151	145	219
1152	145	219
1153	144	219
1154	144	219
1155	143	218
1156	142	218
1157	141	217
1158	140	217
1159	139	217
1160	137	217
1161	136	217
1162	135	217
1163	133	217
1164	132	217
1165	130	217
1166	129	217
1167	127	216
1168	126	217
1169	125	217
1170	124	217
1171	122	217
1172	121	217
1173	120	217
1174	119	217
1175	117	217
1176	117	218
1177	116	218
1178	115	218
1179	115	219
1180	114	219
1181	114	219
1182	114	219
1183	114	219
1184	115	219
1185	115	219
1186	115	221
1187	115	220
1188	117	220
1189	117	220
1190	118	220
1191	119	221
1192	120	221
1193	121	221
1194	121	221
1195	123	221
1196	124	221
1197	125	221
1198	126	221
1199	127	221
1200	129	221
1201	130	221
1202	131	221
1203	132	221
1204	133	221
1205	133	222
1206	135	221
1207	135	221
1208	136	221
1209	137	220
1210	137	220
1211	138	220
1212	138	219
1213	138	219
1214	138	219
1215	139	219
1216	138	219
1217	138	219
1218	139	219
1219	137	218
1220	137	219
1221	137	218
1222	136	218
1223	136	219
1224	135	218
1225	134	218
1226	133	217
1227	132	217
1228	131	217
1229	130	217
1230	130	217
1231	129	217
1232	128	218
1233	127	217
1234	126	218
1235	126	218
1236	125	217
1237	123	217
1238	123	217
1239	123	218
1240	121	217
1241	121	218
1242	121	218
1243	121	218
1244	120	218
1245	120	218
1246	120	219
1247	120	219
1248	120	219
1249	120	219
1250	120	219
1251	120	219
1252	120	219
1253	121	219
1254	121	219
1255	122	219
1256	122	219
1257	123	220
1258	124	220
1259	124	220
1260	125	220
1261	125	219
1262	126	220
1263	127	220
1264	128	220
1265	128	220
1266	129	220
1267	129	220
1268	130	220
1269	131	219
1270	131	220
1271	132	220
1272	132	219
1273	133	219
1274	133	219
1275	133	219
1276	134	219
1277	133	219
1278	134	219
1279	134	219
1280	134	219
1281	134	219
1282	135	219
1283	134	218
1284	134	218
1285	133	217
1286	133	219
1287	133	218
1288	133	218
1289	132	218
1290	132	217
1291	131	218
1292	130	217
1293	130	217
1294	129	217
1295	129	217
1296	128	217
1297	128	217
1298	127	218
1299	127	217
1300	126	217
1301	125	217
1302	125	218
1303	125	217
1304	124	217
1305	124	217
1306	124	218
1307	124	218
1308	123	218
1309	123	218
1310	123	218
1311	123	218
1312	123	219
1313	123	218
1314	123	219
1315	123	219
1316	123	219
1317	123	219
1318	123	219
1319	124	219
1320	124	219
1321	125	219
1322	125	219
1323	126	219
1324	126	219
1325	126	219
1326	127	219
1327	127	219
1328	127	219
1329	128	219
1330	129	220
1331	129	219
1332	129	219
1333	129	219
1334	130	219
1335	130	219
1336	131	219
1337	131	219
1338	131	219
1339	131	219
1340	131	218
1341	131	219
1342	131	219
1343	132	218
1344	132	218
1345	132	218
1346	132	219
1347	132	218
1348	132	218
1349	131	218
1350	131	218
1351	131	218
1352	130	218
1353	130	218
1354	130	217
1355	130	217
1356	129	217
1357	129	217
1358	129	217
1359	129	217
1360	129	217
1361	128	217
1362	128	218
1363	127	218
1364	127	217
1365	127	217
1366	126	218
1367	126	217
1368	125	217
1369	126	217
1370	125	218
1371	125	218
1372	125	218
1373	125	218
1374	125	218
1375	125	217
1376	125	218
1377	125	218
1378	125	219
1379	125	219
1380	125	218
1381	125	218
1382	125	219
1383	125	218
1384	126	218
1385	125	219
1386	126	218
1387	126	218
1388	127	218
1389	127	219
1390	127	218
1391	127	218
1392	128	219
1393	128	218
1394	129	219
1395	129	218
1396	128	219
1397	129	219
1398	129	219
1399	129	218
1400	129	218
1401	129	218
1402	130	218
1403	129	219
1404	130	218
1405	130	218
1406	130	218
1407	130	218
1408	130	218
1409	130	217
1410	131	218
1411	130	218
1412	130	217
1413	130	217
1414	130	217
1415	130	217
1416	130	217
1417	130	217
1418	129	217
1419	129	217
1420	129	217
1421	129	217
1422	129	216
1423	128	217
1424	128	217
1425	128	217
1426	128	218
1427	127	217
1428	127	217
1429	127	217
1430	127	217
1431	127	217
1432	127	217
1433	127	217
1434	127	217
1435	126	217
1436	126	217
1437	126	217
1438	126	217
1439	126	218
1440	126	217
1441	126	217
1442	126	218
1443	126	217
1444	126	217
1445	126	217
1446	126	217
1447	127	217
1448	127	217
1449	127	217
1450	126	218
1451	127	218
1452	127	218
1453	127	217
1454	128	217
1455	127	217
1456	127	217
1457	127	218
1458	128	219
1459	128	217
1460	129	218
1461	129	217
1462	129	218
1463	129	217
1464	77	64
1465	78	64
1466	80	65
1467	81	66
1468	84	67
1469	86	67
1470	89	68
1471	92	69
1472	96	69
1473	99	69
1474	104	70
1475	107	70
1476	112	71
1477	116	71
1478	120	71
1479	124	71
1480	128	71
1481	132	71
1482	136	71
1483	140	70
1484	145	70
1485	148	70
1486	151	70
1487	154	70
1488	157	69
1489	160	69
1490	162	69
1491	163	68
1492	165	67
1493	166	66
1494	167	66
1495	168	65
1496	168	64
1497	167	64
1498	167	63
1499	166	63
1500	165	63
1501	163	62
1502	161	61
1503	159	60
1504	157	60
1505	154	60
1506	153	60
1507	149	59
1508	146	59
1509	143	60
1510	140	59
1511	136	59
1512	133	58
1513	130	59
1514	127	59
1515	124	59
1516	121	59
1517	117	59
1518	115	59
1519	112	59
1520	110	60
1521	107	60
1522	105	60
1523	104	60
1524	102	61
1525	101	62
1526	100	62
1527	99	63
1528	98	62
1529	98	63
1530	98	64
1531	98	64
1532	99	65
1533	100	65
1534	101	65
1535	101	66
1536	103	66
1537	105	67
1538	107	67
1539	109	67
1540	111	68
1541	113	68
1542	115	68
1543	117	68
1544	120	68
1545	122	68
1546	125	69
1547	127	69
1548	130	69
1549	132	68
1550	135	68
1551	137	68
1552	139	68
1553	141	68
1554	144	68
1555	145	68
1556	146	67
1557	147	67
1558	148	67
1559	149	66
1560	150	65
1561	150	65
1562	151	65
1563	151	65
1564	151	64
1565	150	64
1566	150	64
1567	149	63
1568	149	63
1569	147	63
1570	146	63
1571	145	63
1572	143	63
1573	141	62
1574	140	62
1575	137	62
1576	136	62
1577	134	62
1578	132	61
1579	130	62
1580	129	61
1581	126	61
1582	125	61
1583	123	61
1584	121	62
1585	119	61
1586	119	63
1587	116	62
1588	115	62
1589	114	63
1590	113	63
1591	112	63
1592	111	63
1593	111	63
1594	111	63
1595	111	64
1596	110	64
1597	111	65
1598	111	65
1599	111	65
1600	112	65
1601	112	65
1602	113	66
1603	114	66
1604	115	66
1605	116	67
1606	117	67
1607	119	67
1608	120	68
1609	121	67
1610	123	67
1611	125	67
1612	126	67
1613	127	67
1614	129	68
1615	130	67
1616	132	67
1617	133	67
1618	135	67
1619	136	67
1620	137	67
1621	138	67
1622	139	67
1623	139	67
1624	140	66
1625	141	66
1626	141	66
1627	141	65
1628	141	65
1629	142	65
1630	142	65
1631	141	65
1632	141	64
1633	141	64
1634	141	65
1635	139	64
1636	138	64
1637	137	64
1638	137	63
1639	136	64
1640	135	63
1641	133	63
1642	132	63
1643	131	63
1644	130	63
1645	129	63
1646	128	64
1647	127	63
1648	126	63
1649	125	63
1650	124	64
1651	123	63
1652	122	63
1653	121	64
1654	120	64
1655	119	63
1656	119	64
1657	118	64
1658	118	64
1659	117	64
1660	117	64
1661	117	65
1662	117	65
1663	117	65
1664	117	65
1665	119	65
1666	119	66
1667	119	65
1668	119	66
1669	120	66
1670	120	66
1671	121	67
1672	122	66
1673	123	67
1674	124	67
1675	125	67
1676	125	67
1677	126	67
1678	127	67
1679	128	67
1680	129	67
1681	129	67
1682	131	67
1683	131	67
1684	133	67
1685	133	67
1686	133	67
1687	134	67
1688	135	66
1689	135	65
1690	135	66
1691	135	66
1692	136	65
1693	136	65
1694	136	65
1695	136	65
1696	136	65
1697	135	65
1698	135	65
1699	135	65
1700	135	65
1701	134	65
1702	133	64
1703	133	64
1704	133	65
1705	132	64
1706	131	64
1707	131	64
1708	130	64
1709	129	64
1710	129	65
1711	128	64
1712	127	64
1713	127	64
1714	126	65
1715	125	64
1716	125	64
1717	124	64
1718	123	64
1719	123	65
1720	123	65
1721	123	65
1722	122	65
1723	122	65
1724	122	65
1725	121	65
1726	121	65
1727	121	66
1728	121	65
1729	122	65
1730	122	66
1731	122	66
1732	122	66
1733	123	66
1734	123	67
1735	124	66
1736	124	66
1737	124	66
1738	125	67
1739	125	67
1740	126	67
1741	127	67
1742	127	67
1743	128	67
1744	128	67
1745	129	67
1746	129	67
1747	130	67
1748	130	67
1749	131	67
1750	131	67
1751	131	67
1752	131	66
1753	132	67
1754	132	67
1755	132	66
1756	133	67
1757	133	65
1758	133	66
1759	133	66
1760	133	65
1761	133	65
1762	133	66
1763	132	66
1764	133	65
1765	132	65
1766	132	65
1767	131	65
1768	131	65
1769	131	65
1770	130	65
1771	130	65
1772	129	65
1773	129	65
1774	128	65
1775	129	65
1776	127	65
1777	127	65
1778	128	66
1779	126	65
1780	126	65
1781	126	65
1782	125	65
1783	125	66
1784	125	65
1785	125	66
1786	125	65
1787	124	65
1788	124	65
1789	124	66
1790	124	65
1791	124	66
1792	124	66
1793	124	66
1794	125	67
1795	125	66
1796	125	66
1797	125	67
1798	125	66
1799	125	67
1800	125	67
1801	125	67
1802	126	67
1803	127	67
1804	127	67
1805	126	67
1806	127	67
1807	128	67
1808	128	67
1809	129	67
1810	129	67
1811	129	67
1812	129	67
1813	129	67
1814	130	67
1815	130	67
1816	130	66
1817	131	67
1818	130	66
1819	130	66
1820	131	66
1821	131	66
1822	131	66
1823	131	67
1824	131	67
1825	131	67
1826	131	67
1827	131	66
1828	131	66
1829	131	66
1830	130	66
1831	130	67
1832	130	66
1833	129	65
1834	129	66
1835	129	66
1836	129	66
1837	129	66
1838	129	66
1839	128	66
1840	128	66
1841	127	66
1842	128	67
1843	127	65
1844	127	66
1845	127	66
1846	126	67
1847	126	66
1848	126	66
1849	126	65
1850	126	66
1851	126	66
1852	126	66
1853	125	66
1854	126	67
1855	125	67
1856	126	67
1857	125	66
1858	126	67
1859	125	66
1860	126	67
1861	125	67
1862	126	67
1863	126	67
1864	126	67
1865	126	67
1866	127	67
1867	127	67
1868	127	67
1869	127	67
1870	128	67
1871	128	67
1872	128	67
1873	128	67
1874	129	68
1875	129	67
1876	129	67
1877	129	67
1878	129	67
1879	129	67
1880	129	67
1881	129	67
1882	129	67
1883	129	67
1884	129	67
1885	129	67
1886	129	67
1887	130	67
1888	130	67
1889	130	66
1890	130	67
1891	130	66
1892	129	67
1893	129	67
1894	129	67
1895	129	67
1896	129	67
1897	129	66
1898	129	67
1899	129	66
1900	129	67
1901	129	67
1902	128	67
1903	128	66
1904	128	67
1905	127	66
1906	128	67
1907	127	67
1908	127	67
1909	127	67
1910	127	67
1911	179	221
1912	177	219
1913	175	219
1914	173	218
1915	171	217
1916	168	217
1917	165	216
1918	161	215
1919	158	215
1920	154	215
1921	150	215
1922	147	214
1923	142	213
1924	138	214
1925	133	213
1926	129	213
1927	125	213
1928	121	214
1929	117	214
1930	113	214
1931	109	214
1932	106	215
1933	103	215
1934	100	215
1935	97	215
1936	95	216
1937	93	217
1938	92	217
1939	90	217
1940	89	218
1941	88	219
1942	88	219
1943	88	220
1944	89	220
1945	89	221
1946	91	221
1947	92	223
1948	93	223
1949	95	223
1950	98	223
1951	100	224
1952	103	224
1953	105	225
1954	109	225
1955	112	225
1956	115	225
1957	118	225
1958	121	226
1959	124	226
1960	128	226
1961	131	225
1962	134	225
1963	137	225
1964	140	225
1965	143	225
1966	145	225
1967	148	225
1968	149	224
1969	152	223
1970	154	223
1971	154	223
1972	156	223
1973	157	222
1974	157	222
1975	158	221
1976	158	221
1977	157	220
1978	157	219
1979	157	219
1980	156	219
1981	154	218
1982	153	219
1983	151	217
1984	150	217
1985	148	217
1986	146	217
1987	144	216
1988	141	216
1989	139	216
1990	137	216
1991	134	216
1992	132	216
1993	129	216
1994	127	215
1995	125	216
1996	121	216
1997	119	216
1998	118	216
1999	115	216
2000	114	216
2001	111	216
2002	111	217
2003	109	217
2004	107	217
2005	107	218
2006	106	219
2007	105	218
2008	105	219
2009	105	219
2010	105	220
2011	105	220
2012	106	220
2013	106	221
2014	107	221
2015	108	221
2016	110	222
2017	111	222
2018	113	223
2019	114	222
2020	115	223
2021	117	223
2022	119	223
2023	121	223
2024	123	223
2025	125	223
2026	127	223
2027	129	223
2028	131	223
2029	132	223
2030	134	223
2031	135	223
2032	137	223
2033	139	223
2034	141	222
2035	142	222
2036	143	222
2037	144	221
2038	144	221
2039	145	221
2040	145	220
2041	146	220
2042	145	220
2043	145	220
2044	145	219
2045	145	219
2046	145	219
2047	144	219
2048	143	219
2049	142	218
2050	141	218
2051	140	218
2052	138	218
2053	137	217
2054	136	217
2055	135	217
2056	133	217
2057	132	217
2058	130	217
2059	129	216
2060	127	216
2061	126	217
2062	124	217
2063	123	217
2064	121	217
2065	121	217
2066	120	217
2067	118	217
2068	117	218
2069	117	218
2070	116	218
2071	115	219
2072	115	219
2073	115	219
2074	115	219
2075	115	219
2076	114	220
2077	114	219
2078	115	219
2079	115	220
2080	115	220
2081	117	220
2082	117	221
2083	118	220
2084	119	220
2085	120	221
2086	121	220
2087	122	221
2088	123	221
2089	124	221
2090	125	221
2091	127	221
2092	128	221
2093	128	221
2094	130	221
2095	131	221
2096	132	220
2097	133	221
2098	134	222
2099	135	221
2100	135	220
2101	136	221
2102	137	220
2103	137	220
2104	137	220
2105	138	220
2106	138	220
2107	138	219
2108	138	219
2109	138	219
2110	138	219
2111	137	219
2112	137	219
2113	137	219
2114	137	219
2115	136	218
2116	135	218
2117	135	217
2118	133	218
2119	133	218
2120	132	218
2121	131	217
2122	131	217
2123	129	217
2124	129	217
2125	128	217
2126	127	217
2127	126	217
2128	125	217
2129	124	217
2130	124	218
2131	123	217
2132	123	217
2133	121	218
2134	121	217
2135	121	218
2136	121	218
2137	120	218
2138	120	219
2139	120	219
2140	119	219
2141	120	218
2142	119	219
2143	120	219
2144	120	219
2145	121	220
2146	121	220
2147	121	219
2148	122	219
2149	123	220
2150	123	220
2151	124	220
2152	125	220
2153	125	220
2154	125	220
2155	126	219
2156	127	220
2157	127	220
2158	129	220
2159	129	220
2160	130	220
2161	130	220
2162	131	220
2163	131	220
2164	132	220
2165	133	219
2166	133	220
2167	133	219
2168	133	219
2169	134	219
2170	134	219
2171	134	219
2172	134	219
2173	134	219
2174	134	219
2175	134	219
2176	134	218
2177	133	218
2178	133	219
2179	133	219
2180	133	218
2181	133	218
2182	132	218
2183	132	217
2184	131	218
2185	130	218
2186	130	217
2187	129	217
2188	129	218
2189	128	217
2190	128	217
2191	127	217
2192	127	217
2193	126	217
2194	126	219
2195	125	217
2196	125	217
2197	125	217
2198	124	218
2199	124	218
2200	123	218
2201	123	218
2202	123	218
2203	123	218
2204	123	219
2205	123	218
2206	123	219
2207	123	219
2208	123	219
2209	123	219
2210	124	219
2211	124	219
2212	124	219
2213	124	219
2214	125	219
2215	125	219
2216	125	219
2217	125	219
2218	126	219
2219	127	219
2220	127	219
2221	127	219
2222	128	219
2223	128	219
2224	128	219
2225	129	219
2226	129	220
2227	130	219
2228	130	219
2229	131	219
2230	130	218
2231	131	219
2232	131	219
2233	131	219
2234	132	219
2235	132	219
2236	131	219
2237	132	219
2238	132	218
2239	132	218
2240	132	218
2241	132	217
2242	132	219
2243	131	217
2244	131	217
2245	131	217
2246	130	217
2247	130	217
2248	130	217
2249	129	217
2250	129	217
2251	129	217
2252	129	218
2253	128	217
2254	128	217
2255	127	217
2256	127	217
2257	127	217
2258	127	218
2259	126	217
2260	126	217
2261	126	217
2262	125	217
2263	125	218
2264	125	217
2265	125	218
2266	125	217
2267	125	218
2268	125	217
2269	125	218
2270	125	218
2271	125	218
2272	125	218
2273	125	218
2274	125	218
2275	125	218
2276	125	218
2277	125	219
2278	125	218
2279	126	218
2280	127	218
2281	127	219
2282	127	218
2283	127	218
2284	127	219
2285	127	218
2286	128	218
2287	128	218
2288	129	218
2289	128	218
2290	129	219
2291	129	219
2292	129	218
2293	129	219
2294	129	218
2295	130	219
2296	130	218
2297	130	218
2298	130	218
2299	130	217
2300	130	218
2301	130	218
2302	130	217
2303	130	218
2304	130	217
2305	130	217
2306	131	218
2307	130	217
2308	130	217
2309	129	217
2310	129	217
2311	129	217
2312	129	217
2313	129	217
2314	129	217
2315	129	217
2316	128	217
2317	128	217
2318	127	217
2319	128	217
2320	127	217
2321	127	217
2322	127	218
2323	127	217
2324	127	217
2325	127	217
2326	126	217
2327	126	217
2328	126	217
2329	126	218
2330	126	217
2331	126	218
2332	126	218
2333	126	217
2334	126	217
2335	126	217
2336	126	218
2337	126	218
2338	127	218
2339	126	217
2340	126	217
2341	127	217
2342	126	217
2343	127	218
2344	127	217
2345	127	217
2346	127	218
2347	127	218
2348	127	217
2349	128	217
2350	128	217
2351	128	217
2352	128	218
2353	129	217
2354	129	219
2355	129	218
2356	129	217
2357	77	63
2358	78	64
2359	80	65
2360	81	66
2361	84	66
2362	86	67
2363	90	68
2364	93	69
2365	96	69
2366	100	69
2367	104	70
2368	108	70
2369	112	70
2370	117	72
2371	120	71
2372	125	71
2373	129	71
2374	133	71
2375	137	71
2376	141	71
2377	145	71
2378	148	70
2379	152	70
2380	155	70
2381	157	68
2382	160	68
2383	162	68
2384	164	67
2385	165	67
2386	167	67
2387	168	65
2388	168	65
2389	168	64
2390	167	64
2391	167	63
2392	166	63
2393	165	62
2394	163	62
2395	161	61
2396	159	61
2397	157	61
2398	154	60
2399	151	60
2400	149	59
2401	145	59
2402	143	59
2403	139	58
2404	136	59
2405	133	59
2406	129	59
2407	127	59
2408	123	59
2409	120	59
2410	117	59
2411	114	59
2412	112	59
2413	109	59
2414	107	60
2415	105	60
2416	103	61
2417	102	61
2418	101	62
2419	99	63
2420	99	63
2421	98	63
2422	98	64
2423	98	64
2424	98	64
2425	99	65
2426	100	65
2427	101	66
2428	102	66
2429	103	67
2430	105	67
2431	107	67
2432	109	68
2433	111	68
2434	114	68
2435	116	68
2436	118	68
2437	121	69
2438	123	68
2439	125	69
2440	128	69
2441	130	68
2442	133	68
2443	135	69
2444	137	68
2445	139	68
2446	141	68
2447	143	68
2448	145	68
2449	146	68
2450	148	67
2451	149	67
2452	149	67
2453	150	65
2454	151	65
2455	151	65
2456	151	65
2457	151	65
2458	151	64
2459	149	64
2460	149	63
2461	148	63
2462	147	63
2463	146	62
2464	144	63
2465	143	63
2466	141	63
2467	139	62
2468	137	62
2469	136	62
2470	134	62
2471	132	62
2472	130	61
2473	128	61
2474	126	62
2475	124	62
2476	122	62
2477	121	62
2478	119	62
2479	117	62
2480	117	62
2481	115	63
2482	114	63
2483	113	63
2484	113	63
2485	111	63
2486	111	64
2487	111	64
2488	111	64
2489	110	64
2490	111	65
2491	111	65
2492	111	65
2493	112	66
2494	113	66
2495	113	66
2496	114	66
2497	115	67
2498	117	67
2499	118	67
2500	119	67
2501	121	67
2502	122	67
2503	123	67
2504	125	68
2505	126	68
2506	128	67
2507	129	67
2508	131	67
2509	132	67
2510	133	67
2511	135	67
2512	135	67
2513	137	67
2514	138	67
2515	139	67
2516	139	66
2517	140	66
2518	141	65
2519	141	66
2520	141	65
2521	141	65
2522	141	65
2523	141	65
2524	141	65
2525	141	64
2526	140	64
2527	140	64
2528	139	64
2529	138	64
2530	138	64
2531	137	63
2532	135	64
2533	134	63
2534	133	63
2535	133	63
2536	131	63
2537	130	63
2538	129	63
2539	128	63
2540	127	63
2541	125	63
2542	125	63
2543	123	63
2544	123	63
2545	121	63
2546	121	64
2547	120	64
2548	119	64
2549	119	64
2550	119	64
2551	118	65
2552	117	64
2553	117	65
2554	117	65
2555	117	65
2556	117	66
2557	117	65
2558	118	65
2559	118	65
2560	119	66
2561	119	66
2562	120	67
2563	121	67
2564	121	66
2565	122	67
2566	123	66
2567	124	67
2568	125	67
2569	126	67
2570	127	67
2571	127	67
2572	129	67
2573	129	67
2574	130	67
2575	131	67
2576	132	67
2577	132	67
2578	133	67
2579	134	67
2580	135	67
2581	135	66
2582	135	66
2583	135	65
2584	135	66
2585	136	66
2586	136	66
2587	136	65
2588	136	65
2589	136	65
2590	136	65
2591	135	65
2592	135	65
2593	135	65
2594	135	65
2595	133	65
2596	133	64
2597	132	65
2598	132	65
2599	131	64
2600	131	64
2601	130	64
2602	129	64
2603	129	64
2604	127	64
2605	127	65
2606	126	65
2607	125	64
2608	125	64
2609	125	65
2610	125	65
2611	123	65
2612	123	65
2613	123	65
2614	122	65
2615	122	65
2616	122	65
2617	122	65
2618	121	65
2619	121	65
2620	121	66
2621	121	65
2622	122	65
2623	122	66
2624	122	66
2625	122	66
2626	123	67
2627	123	67
2628	123	66
2629	124	67
2630	125	67
2631	125	67
2632	125	67
2633	126	67
2634	127	67
2635	127	67
2636	128	67
2637	128	67
2638	129	67
2639	129	67
2640	130	67
2641	130	67
2642	131	67
2643	131	67
2644	131	66
2645	132	67
2646	132	67
2647	133	66
2648	133	66
2649	133	66
2650	133	66
2651	133	66
2652	133	65
2653	133	65
2654	133	66
2655	132	65
2656	132	65
2657	132	66
2658	132	66
2659	132	65
2660	131	65
2661	131	65
2662	130	65
2663	130	65
2664	130	65
2665	129	65
2666	129	65
2667	129	65
2668	128	65
2669	128	65
2670	127	65
2671	127	65
2672	127	65
2673	126	65
2674	126	66
2675	125	66
2676	125	65
2677	125	65
2678	125	65
2679	124	65
2680	125	66
2681	124	65
2682	124	66
2683	124	66
2684	124	65
2685	124	66
2686	124	66
2687	124	66
2688	125	66
2689	124	66
2690	125	67
2691	125	66
2692	125	66
2693	125	67
2694	125	67
2695	125	66
2696	126	67
2697	127	67
2698	127	67
2699	127	67
2700	128	67
2701	128	67
2702	128	67
2703	128	67
2704	129	67
2705	129	67
2706	129	68
2707	130	67
2708	130	67
2709	130	67
2710	130	67
2711	131	67
2712	131	67
2713	131	67
2714	131	67
2715	131	67
2716	131	67
2717	131	66
2718	131	66
2719	131	66
2720	131	66
2721	131	66
2722	131	67
2723	130	66
2724	130	66
2725	130	66
2726	130	66
2727	129	65
2728	129	66
2729	129	66
2730	129	66
2731	128	66
2732	128	66
2733	128	66
2734	127	65
2735	127	65
2736	127	66
2737	127	66
2738	127	67
2739	127	66
2740	126	66
2741	126	66
2742	126	67
2743	126	66
2744	126	66
2745	126	66
2746	125	66
2747	125	66
2748	125	67
2749	125	66
2750	125	67
2751	125	66
2752	125	67
2753	125	67
2754	126	68
2755	126	67
2756	126	67
2757	126	67
2758	126	67
2759	127	67
2760	127	67
2761	127	67
2762	127	67
2763	127	67
2764	127	67
2765	128	67
2766	128	67
2767	128	67
2768	129	67
2769	129	67
2770	129	67
2771	129	67
2772	129	67
2773	129	67
2774	129	67
2775	130	67
2776	129	67
2777	129	67
2778	130	67
2779	129	67
2780	130	67
2781	130	67
2782	130	67
2783	130	67
2784	130	67
2785	130	67
2786	130	67
2787	129	67
2788	129	67
2789	129	66
2790	129	67
2791	129	67
2792	129	66
2793	129	67
2794	129	66
2795	128	66
2796	128	67
2797	128	66
2798	128	67
2799	127	67
2800	128	67
2801	127	67
2802	128	67
2803	127	67
2804	179	220
2805	177	219
2806	175	219
2807	173	218
2808	170	217
2809	168	217
2810	164	216
2811	161	215
2812	157	215
2813	153	215
2814	150	214
2815	145	214
2816	141	214
2817	137	214
2818	133	214
2819	129	213
2820	125	213
2821	121	213
2822	116	213
2823	113	214
2824	109	215
2825	105	214
2826	102	214
2827	99	215
2828	97	216
2829	94	216
2830	93	217
2831	91	217
2832	89	217
2833	89	218
2834	89	220
2835	88	220
2836	88	220
2837	89	221
2838	89	222
2839	91	222
2840	92	223
2841	93	223
2842	96	223
2843	97	224
2844	101	224
2845	104	224
2846	106	225
2847	109	225
2848	113	225
2849	115	225
2850	118	226
2851	122	226
2852	125	225
2853	128	225
2854	131	226
2855	135	225
2856	137	225
2857	141	225
2858	143	225
2859	146	224
2860	148	224
2861	150	224
2862	152	224
2863	153	223
2864	155	223
2865	156	223
2866	157	223
2867	158	222
2868	158	221
2869	157	220
2870	157	220
2871	157	220
2872	157	219
2873	155	219
2874	154	218
2875	153	218
2876	151	217
2877	150	217
2878	148	217
2879	146	217
2880	143	217
2881	141	216
2882	139	217
2883	136	216
2884	134	215
2885	131	216
2886	129	215
2887	127	215
2888	124	216
2889	121	216
2890	120	216
2891	117	216
2892	115	216
2893	113	216
2894	112	216
2895	110	217
2896	109	217
2897	107	217
2898	107	218
2899	106	218
2900	105	219
2901	105	219
2902	105	220
2903	105	219
2904	105	220
2905	105	220
2906	107	221
2907	107	221
2908	109	221
2909	109	222
2910	111	222
2911	113	222
2912	114	223
2913	116	223
2914	118	223
2915	120	223
2916	121	223
2917	123	223
2918	125	223
2919	127	223
2920	129	223
2921	131	223
2922	133	223
2923	134	223
2924	136	223
2925	137	223
2926	139	222
2927	141	222
2928	141	222
2929	142	221
2930	144	222
2931	145	221
2932	145	221
2933	145	221
2934	145	220
2935	146	220
2936	146	219
2937	145	219
2938	145	219
2939	144	219
2940	143	219
2941	143	218
2942	142	218
2943	141	218
2944	140	218
2945	138	217
2946	137	218
2947	136	217
2948	134	217
2949	132	217
2950	131	217
2951	130	217
2952	129	217
2953	127	217
2954	126	217
2955	124	217
2956	122	217
2957	121	217
2958	121	217
2959	119	217
2960	118	217
2961	117	217
2962	117	218
2963	116	218
2964	115	218
2965	115	219
2966	114	219
2967	114	219
2968	114	219
2969	114	219
2970	115	219
2971	115	219
2972	115	220
2973	116	220
2974	117	220
2975	117	220
2976	118	221
2977	119	221
2978	121	221
2979	121	221
2980	122	221
2981	123	221
2982	124	221
2983	126	221
2984	127	221
2985	128	221
2986	129	221
2987	130	221
2988	131	221
2989	132	221
2990	133	221
2991	134	221
2992	135	220
2993	136	221
2994	137	221
2995	137	220
2996	137	220
2997	138	220
2998	138	220
2999	138	220
3000	138	219
3001	139	219
3002	138	219
3003	138	219
3004	138	219
3005	137	219
3006	137	219
3007	137	218
3008	135	218
3009	135	218
3010	135	218
3011	133	217
3012	133	217
3013	132	217
3014	131	217
3015	130	217
3016	129	218
3017	128	218
3018	127	217
3019	127	217
3020	125	217
3021	125	218
3022	124	217
3023	123	217
3024	123	218
3025	122	218
3026	122	219
3027	121	218
3028	121	219
3029	121	219
3030	120	219
3031	120	218
3032	120	219
3033	119	219
3034	119	219
3035	120	219
3036	120	219
3037	120	219
3038	121	219
3039	121	219
3040	121	219
3041	122	219
3042	123	220
3043	123	220
3044	124	220
3045	124	220
3046	125	220
3047	125	220
3048	126	220
3049	127	219
3050	128	220
3051	128	220
3052	129	220
3053	129	220
3054	131	220
3055	131	219
3056	131	220
3057	132	220
3058	133	220
3059	133	220
3060	133	219
3061	133	219
3062	134	219
3063	134	219
3064	134	219
3065	134	219
3066	134	218
3067	135	219
3068	134	219
3069	134	219
3070	133	218
3071	133	218
3072	133	219
3073	133	218
3074	133	218
3075	132	218
3076	131	218
3077	131	218
3078	130	218
3079	130	218
3080	129	217
3081	129	217
3082	128	217
3083	127	217
3084	127	217
3085	126	218
3086	126	217
3087	125	217
3088	125	218
3089	125	217
3090	125	219
3091	124	219
3092	123	217
3093	123	218
3094	123	218
3095	123	218
3096	123	218
3097	123	218
3098	123	219
3099	123	218
3100	123	219
3101	123	218
3102	123	219
3103	123	219
3104	124	219
3105	124	219
3106	125	220
3107	125	219
3108	125	219
3109	125	219
3110	125	219
3111	126	219
3112	127	219
3113	127	219
3114	128	219
3115	128	219
3116	129	219
3117	129	219
3118	129	219
3119	129	219
3120	130	219
3121	130	219
3122	131	219
3123	131	219
3124	131	219
3125	131	218
3126	131	218
3127	132	218
3128	132	219
3129	132	219
3130	132	219
3131	131	218
3132	131	217
3133	132	218
3134	131	217
3135	131	218
3136	131	217
3137	131	218
3138	131	218
3139	130	218
3140	130	217
3141	130	218
3142	130	217
3143	129	218
3144	129	217
3145	129	217
3146	128	217
3147	128	217
3148	127	217
3149	127	217
3150	127	218
3151	127	217
3152	127	217
3153	126	218
3154	126	219
3155	126	218
3156	125	217
3157	125	218
3158	125	217
3159	125	218
3160	125	218
3161	125	217
3162	125	218
3163	125	217
3164	125	218
3165	125	218
3166	125	218
3167	125	218
3168	125	218
3169	125	218
3170	126	219
3171	126	219
3172	126	218
3173	126	218
3174	127	218
3175	127	218
3176	127	218
3177	127	219
3178	127	218
3179	128	219
3180	128	218
3181	128	217
3182	128	219
3183	129	219
3184	129	219
3185	129	218
3186	129	219
3187	130	218
3188	130	218
3189	130	218
3190	130	218
3191	130	218
3192	130	218
3193	130	218
3194	130	218
3195	130	217
3196	130	218
3197	130	217
3198	130	217
3199	130	217
3200	130	217
3201	130	217
3202	130	218
3203	129	217
3204	129	217
3205	129	218
3206	129	217
3207	129	217
3208	128	217
3209	128	217
3210	128	217
3211	128	217
3212	127	217
3213	127	217
3214	127	217
3215	127	217
3216	127	217
3217	127	217
3218	127	218
3219	127	217
3220	126	217
3221	126	217
3222	126	217
3223	126	217
3224	126	217
3225	126	217
3226	126	217
3227	126	217
3228	126	218
3229	126	217
3230	126	218
3231	126	217
3232	126	217
3233	127	218
3234	127	219
3235	127	217
3236	127	217
3237	127	218
3238	127	217
3239	127	218
3240	127	217
3241	128	218
3242	127	217
3243	128	217
3244	128	218
3245	128	218
3246	128	217
3247	128	218
3248	129	217
3249	129	218
3250	77	64
3251	79	64
3252	80	65
3253	82	66
3254	84	67
3255	87	67
3256	90	68
3257	93	68
3258	97	69
3259	101	70
3260	105	70
3261	108	70
3262	113	70
3263	116	71
3264	121	71
3265	125	71
3266	129	71
3267	133	71
3268	138	71
3269	142	71
3270	145	70
3271	149	70
3272	152	70
3273	155	69
3274	157	69
3275	161	68
3276	162	68
3277	164	67
3278	165	67
3279	167	66
3280	167	65
3281	168	65
3282	168	65
3283	167	64
3284	167	63
3285	166	63
3286	164	62
3287	163	62
3288	161	61
3289	158	61
3290	157	61
3291	154	60
3292	151	60
3293	148	59
3294	145	59
3295	142	59
3296	139	59
3297	135	59
3298	133	59
3299	129	59
3300	126	59
3301	123	59
3302	120	59
3303	117	59
3304	114	59
3305	112	60
3306	109	60
3307	107	60
3308	105	60
3309	103	61
3310	102	61
3311	100	62
3312	100	62
3313	99	63
3314	99	63
3315	98	63
3316	98	64
3317	98	64
3318	99	65
3319	100	65
3320	101	65
3321	102	66
3322	104	66
3323	105	67
3324	107	67
3325	109	68
3326	111	68
3327	113	68
3328	116	68
3329	119	68
3330	121	69
3331	123	69
3332	126	68
3333	128	69
3334	130	68
3335	133	68
3336	135	69
3337	137	68
3338	140	68
3339	141	68
3340	143	67
3341	145	67
3342	147	67
3343	147	67
3344	149	67
3345	149	67
3346	150	67
3347	151	66
3348	151	65
3349	151	65
3350	151	64
3351	151	64
3352	149	64
3353	149	63
3354	148	63
3355	146	63
3356	145	63
3357	144	63
3358	143	62
3359	141	62
3360	139	62
3361	137	62
3362	136	62
3363	133	62
3364	131	62
3365	130	62
3366	128	62
3367	126	61
3368	124	62
3369	122	62
3370	121	62
3371	119	62
3372	117	62
3373	116	62
3374	115	62
3375	113	62
3376	113	63
3377	111	63
3378	112	65
3379	111	63
3380	111	64
3381	110	64
3382	110	64
3383	111	65
3384	111	65
3385	111	65
3386	111	65
3387	112	65
3388	113	66
3389	114	67
3390	116	67
3391	117	67
3392	118	67
3393	119	67
3394	121	67
3395	122	67
3396	124	67
3397	125	67
3398	126	67
3399	128	67
3400	129	67
3401	131	67
3402	132	67
3403	133	67
3404	135	67
3405	136	67
3406	137	67
3407	138	67
3408	139	67
3409	140	66
3410	141	67
3411	141	66
3412	141	66
3413	141	65
3414	141	65
3415	141	65
3416	141	65
3417	141	65
3418	141	65
3419	141	64
3420	140	64
3421	139	64
3422	138	64
3423	137	64
3424	136	64
3425	135	63
3426	135	64
3427	133	63
3428	132	63
3429	131	63
3430	129	63
3431	129	63
3432	127	63
3433	127	63
3434	125	63
3435	124	63
3436	123	63
3437	122	63
3438	121	64
3439	120	64
3440	120	63
3441	119	64
3442	119	65
3443	118	64
3444	118	64
3445	117	64
3446	117	65
3447	117	65
3448	117	65
3449	117	65
3450	118	65
3451	118	65
3452	119	65
3453	119	65
3454	119	65
3455	120	66
3456	121	66
3457	121	67
3458	122	67
3459	123	67
3460	124	67
3461	125	67
3462	126	67
3463	127	67
3464	127	67
3465	129	67
3466	129	67
3467	130	67
3468	131	67
3469	132	67
3470	132	67
3471	133	67
3472	134	67
3473	134	66
3474	135	67
3475	135	66
3476	135	65
3477	135	65
3478	136	66
3479	136	65
3480	136	65
3481	136	65
3482	136	65
3483	136	65
3484	135	65
3485	135	65
3486	135	65
3487	134	65
3488	133	64
3489	133	65
3490	133	65
3491	132	65
3492	131	64
3493	130	64
3494	130	64
3495	129	64
3496	129	64
3497	128	64
3498	127	64
3499	127	64
3500	125	64
3501	125	64
3502	125	65
3503	124	64
3504	123	65
3505	123	65
3506	123	65
3507	122	65
3508	122	65
3509	122	65
3510	121	65
3511	121	65
3512	121	65
3513	121	66
3514	121	65
3515	122	66
3516	122	66
3517	122	65
3518	122	67
3519	123	66
3520	123	66
3521	124	66
3522	125	67
3523	125	67
3524	125	66
3525	125	66
3526	126	67
3527	127	67
3528	127	67
3529	128	67
3530	128	67
3531	129	66
3532	129	66
3533	130	67
3534	130	67
3535	131	67
3536	131	66
3537	131	67
3538	132	67
3539	132	67
3540	132	66
3541	133	66
3542	133	66
3543	133	66
3544	133	66
3545	133	65
3546	133	65
3547	133	65
3548	132	66
3549	132	65
3550	132	65
3551	132	65
3552	132	65
3553	131	65
3554	131	65
3555	131	65
3556	130	65
3557	130	65
3558	129	65
3559	129	65
3560	128	65
3561	128	65
3562	127	65
3563	127	65
3564	127	65
3565	127	65
3566	126	65
3567	125	65
3568	125	65
3569	125	65
3570	125	65
3571	125	65
3572	124	65
3573	124	65
3574	124	66
3575	124	66
3576	124	66
3577	124	66
3578	124	66
3579	124	66
3580	124	66
3581	125	66
3582	124	66
3583	125	67
3584	125	67
3585	125	67
3586	126	67
3587	125	67
3588	126	67
3589	126	67
3590	126	67
3591	127	67
3592	127	67
3593	127	67
3594	128	67
3595	128	67
3596	129	67
3597	129	67
3598	129	67
3599	129	67
3600	129	67
3601	130	67
3602	131	67
3603	130	67
3604	130	67
3605	131	67
3606	131	67
3607	131	67
3608	131	67
3609	131	66
3610	131	66
3611	131	66
3612	131	66
3613	130	67
3614	130	66
3615	130	66
3616	130	66
3617	130	66
3618	130	67
3619	129	66
3620	129	65
3621	129	66
3622	129	66
3623	129	66
3624	129	65
3625	128	65
3626	128	66
3627	128	66
3628	127	66
3629	127	66
3630	127	66
3631	127	65
3632	126	66
3633	126	66
3634	126	67
3635	126	66
3636	125	66
3637	126	66
3638	125	66
3639	126	67
3640	125	67
3641	125	67
3642	125	67
3643	125	67
3644	125	67
3645	125	67
3646	126	67
3647	126	67
3648	126	67
3649	126	67
3650	127	67
3651	126	67
3652	127	67
3653	127	67
3654	127	67
3655	127	67
3656	127	67
3657	127	67
3658	128	67
3659	128	67
3660	129	67
3661	129	67
3662	129	67
3663	129	67
3664	129	67
3665	129	67
3666	129	68
3667	129	67
3668	129	67
3669	129	67
3670	129	67
3671	129	67
3672	129	67
3673	129	66
3674	130	67
3675	129	67
3676	130	67
3677	129	67
3678	129	67
3679	129	67
3680	129	67
3681	129	66
3682	129	68
3683	129	67
3684	129	67
3685	129	67
3686	129	67
3687	129	66
3688	128	66
3689	128	67
3690	128	67
3691	128	67
3692	127	66
3693	127	67
3694	127	67
3695	127	66
3696	127	67
3697	178	220
3698	177	220
3699	175	219
3700	173	218
3701	170	218
3702	167	216
3703	164	216
3704	160	215
3705	157	215
3706	153	215
3707	149	214
3708	145	213
3709	141	213
3710	137	214
3711	132	213
3712	128	213
3713	124	214
3714	120	214
3715	116	213
3716	112	214
3717	108	214
3718	105	214
3719	101	215
3720	99	215
3721	97	216
3722	94	216
3723	93	216
3724	91	217
3725	89	217
3726	89	219
3727	88	219
3728	88	220
3729	88	220
3730	89	221
3731	89	222
3732	91	222
3733	92	222
3734	94	223
3735	96	224
3736	98	224
3737	101	224
3738	103	224
3739	106	224
3740	109	225
3741	113	225
3742	116	226
3743	119	225
3744	122	226
3745	125	225
3746	129	226
3747	132	225
3748	135	225
3749	138	225
3750	141	225
3751	143	224
3752	146	225
3753	149	225
3754	150	224
3755	152	224
3756	153	223
3757	155	223
3758	156	222
3759	157	222
3760	157	222
3761	157	221
3762	158	222
3763	157	221
3764	157	219
3765	156	219
3766	155	219
3767	154	218
3768	153	218
3769	151	217
3770	149	217
3771	147	217
3772	145	217
3773	143	216
3774	141	216
3775	138	216
3776	136	216
3777	133	216
3778	131	216
3779	128	215
3780	125	215
3781	124	216
3782	121	216
3783	119	216
3784	117	216
3785	115	216
3786	113	217
3787	111	216
3788	109	217
3789	109	218
3790	107	217
3791	106	218
3792	106	218
3793	105	219
3794	106	220
3795	105	219
3796	105	220
3797	105	220
3798	106	220
3799	106	221
3800	107	221
3801	108	221
3802	109	222
3803	111	222
3804	113	222
3805	114	222
3806	116	223
3807	117	223
3808	119	223
3809	121	222
3810	124	223
3811	125	223
3812	127	223
3813	129	224
3814	131	223
3815	133	223
3816	135	223
3817	136	223
3818	138	223
3819	139	222
3820	141	222
3821	142	222
3822	143	221
3823	143	221
3824	144	221
3825	145	221
3826	146	221
3827	145	220
3828	145	220
3829	145	220
3830	145	219
3831	145	219
3832	144	219
3833	143	218
3834	142	219
3835	142	218
3836	141	218
3837	139	218
3838	138	218
3839	137	217
3840	135	217
3841	134	217
3842	133	218
3843	131	217
3844	129	217
3845	128	217
3846	127	217
3847	125	217
3848	124	217
3849	123	217
3850	121	217
3851	120	217
3852	119	217
3853	118	217
3854	117	217
3855	116	218
3856	115	218
3857	115	218
3858	115	219
3859	114	218
3860	114	219
3861	114	219
3862	114	219
3863	115	220
3864	115	219
3865	115	220
3866	116	220
3867	117	220
3868	117	221
3869	118	220
3870	119	221
3871	120	221
3872	121	221
3873	122	221
3874	124	221
3875	125	221
3876	126	221
3877	126	222
3878	128	221
3879	129	222
3880	130	221
3881	131	221
3882	132	221
3883	133	221
3884	134	221
3885	135	220
3886	136	220
3887	137	220
3888	137	219
3889	138	220
3890	139	220
3891	138	220
3892	138	220
3893	139	220
3894	138	219
3895	138	219
3896	138	219
3897	137	219
3898	137	219
3899	137	219
3900	137	219
3901	136	218
3902	135	218
3903	135	218
3904	133	218
3905	133	217
3906	132	218
3907	131	218
3908	130	217
3909	129	217
3910	128	217
3911	127	217
3912	126	217
3913	126	217
3914	125	217
3915	124	217
3916	123	217
3917	123	217
3918	122	217
3919	121	217
3920	121	217
3921	120	218
3922	121	219
3923	120	219
3924	120	219
3925	120	219
3926	120	219
3927	120	218
3928	120	219
3929	120	219
3930	120	219
3931	121	219
3932	121	219
3933	121	219
3934	122	220
3935	122	219
3936	124	219
3937	124	220
3938	125	220
3939	125	220
3940	126	220
3941	126	220
3942	127	220
3943	127	220
3944	128	220
3945	129	219
3946	129	219
3947	130	219
3948	131	220
3949	131	220
3950	132	220
3951	132	220
3952	133	219
3953	133	219
3954	134	220
3955	134	219
3956	134	219
3957	134	219
3958	134	219
3959	134	219
3960	134	219
3961	134	219
3962	133	218
3963	133	219
3964	133	218
3965	133	218
3966	132	218
3967	132	217
3968	131	218
3969	131	218
3970	131	218
3971	130	217
3972	129	218
3973	129	217
3974	128	217
3975	128	218
3976	128	218
3977	127	217
3978	126	217
3979	126	217
3980	125	218
3981	125	217
3982	125	218
3983	124	217
3984	123	218
3985	124	218
3986	124	219
3987	123	219
3988	123	218
3989	123	218
3990	123	219
3991	123	219
3992	123	218
3993	123	219
3994	123	218
3995	123	219
3996	123	219
3997	124	219
3998	124	219
3999	124	218
4000	125	219
4001	125	219
4002	126	220
4003	125	219
4004	126	219
4005	127	219
4006	127	219
4007	127	219
4008	128	219
4009	128	219
4010	129	219
4011	129	219
4012	129	219
4013	130	219
4014	130	219
4015	130	219
4016	131	219
4017	131	219
4018	132	219
4019	131	219
4020	131	219
4021	131	219
4022	131	219
4023	131	218
4024	131	218
4025	131	217
4026	132	218
4027	131	218
4028	131	218
4029	131	218
4030	131	217
4031	131	217
4032	130	217
4033	130	217
4034	130	217
4035	129	217
4036	129	217
4037	129	217
4038	129	217
4039	128	217
4040	128	217
4041	127	217
4042	127	217
4043	127	217
4044	126	217
4045	126	217
4046	126	218
4047	125	217
4048	125	217
4049	125	217
4050	126	218
4051	125	218
4052	125	217
4053	125	217
4054	125	218
4055	125	218
4056	125	218
4057	125	218
4058	125	218
4059	125	218
4060	125	218
4061	125	218
4062	125	218
4063	126	219
4064	125	218
4065	126	218
4066	127	219
4067	126	219
4068	127	219
4069	127	219
4070	127	219
4071	127	218
4072	128	218
4073	128	218
4074	129	219
4075	129	218
4076	129	218
4077	129	219
4078	129	218
4079	130	218
4080	130	218
4081	129	218
4082	130	218
4083	129	218
4084	130	218
4085	130	218
4086	130	217
4087	130	217
4088	130	218
4089	130	218
4090	130	217
4091	130	217
4092	130	217
4093	130	217
4094	130	217
4095	129	217
