
TIME STEP:
125 = 0.2ms

VOLTAGE STEP:
CH1:  32 = 1V~
CH2:  32 = 1V
GND	37	127
N	CH1	CH2

0	157	65
1	154	64
2	151	64
3	149	64
4	145	63
5	142	64
6	139	64
7	135	63
8	133	63
9	129	63
10	125	63
11	122	63
12	117	62
13	114	63
14	111	63
15	107	63
16	103	63
17	99	62
18	96	63
19	91	62
20	88	62
21	84	62
22	80	63
23	77	62
24	73	62
25	69	62
26	65	63
27	61	62
28	57	63
29	53	62
30	50	62
31	46	62
32	43	63
33	39	63
34	35	63
35	32	63
36	29	63
37	26	63
38	23	62
39	19	63
40	16	63
41	13	63
42	11	63
43	8	63
44	6	63
45	3	63
46	1	63
47	0	64
48	0	64
49	0	64
50	0	64
51	0	64
52	0	64
53	0	65
54	0	65
55	0	65
56	0	65
57	0	65
58	0	65
59	0	65
60	0	66
61	0	66
62	0	67
63	0	67
64	0	67
65	0	67
66	0	67
67	0	67
68	0	67
69	0	67
70	0	68
71	0	68
72	0	68
73	0	68
74	0	69
75	0	69
76	0	69
77	0	69
78	0	69
79	0	70
80	0	70
81	0	70
82	0	70
83	0	70
84	0	70
85	1	70
86	2	71
87	4	71
88	6	71
89	8	71
90	11	71
91	14	71
92	16	71
93	18	72
94	21	71
95	24	72
96	27	72
97	29	72
98	32	72
99	35	72
100	38	72
101	41	72
102	44	72
103	47	72
104	49	72
105	53	72
106	55	72
107	59	73
108	61	72
109	64	72
110	67	72
111	71	72
112	73	72
113	76	72
114	79	72
115	82	72
116	84	72
117	87	72
118	89	71
119	92	72
120	95	72
121	97	72
122	100	71
123	102	71
124	105	71
125	107	71
126	108	71
127	111	71
128	113	71
129	115	71
130	117	71
131	119	71
132	120	71
133	122	70
134	123	71
135	125	70
136	126	71
137	127	70
138	128	70
139	129	70
140	130	70
141	131	69
142	131	70
143	132	70
144	133	69
145	133	69
146	133	69
147	134	69
148	133	68
149	134	68
150	134	68
151	134	68
152	133	68
153	133	68
154	132	68
155	132	67
156	131	67
157	130	67
158	129	67
159	129	67
160	128	67
161	127	67
162	125	66
163	124	67
164	123	66
165	121	66
166	120	66
167	119	66
168	117	67
169	115	65
170	113	66
171	112	66
172	110	65
173	108	65
174	106	65
175	104	65
176	102	65
177	100	65
178	98	65
179	96	65
180	93	65
181	92	64
182	89	64
183	87	64
184	85	65
185	82	65
186	80	65
187	78	65
188	75	65
189	73	64
190	71	64
191	69	65
192	67	64
193	64	64
194	61	64
195	59	64
196	57	64
197	55	64
198	53	64
199	51	64
200	49	65
201	47	65
202	45	64
203	43	65
204	42	64
205	40	65
206	37	65
207	36	65
208	34	65
209	32	65
210	31	65
211	29	65
212	28	65
213	26	65
214	25	66
215	24	65
216	23	65
217	22	66
218	20	66
219	19	66
220	18	66
221	18	66
222	17	67
223	17	66
224	16	67
225	15	67
226	15	67
227	15	67
228	14	67
229	14	67
230	13	67
231	14	67
232	14	68
233	14	67
234	14	68
235	14	68
236	15	68
237	15	68
238	15	68
239	16	68
240	16	68
241	17	68
242	18	68
243	19	68
244	20	69
245	20	69
246	21	69
247	22	69
248	24	69
249	25	69
250	26	69
251	27	70
252	28	69
253	29	70
254	31	70
255	33	69
256	34	70
257	35	70
258	37	70
259	39	69
260	40	70
261	41	70
262	43	70
263	45	71
264	47	70
265	49	70
266	50	71
267	52	71
268	54	71
269	55	71
270	57	70
271	59	70
272	61	70
273	63	70
274	64	70
275	66	71
276	68	70
277	69	71
278	71	70
279	73	70
280	75	70
281	77	70
282	78	70
283	80	70
284	81	70
285	83	70
286	84	70
287	85	71
288	87	70
289	89	71
290	90	71
291	91	70
292	93	71
293	94	70
294	95	70
295	96	70
296	97	70
297	97	70
298	99	70
299	99	69
300	101	69
301	101	69
302	102	69
303	103	69
304	104	69
305	104	69
306	105	69
307	105	69
308	105	69
309	105	69
310	105	68
311	106	68
312	106	68
313	105	68
314	106	68
315	106	68
316	105	68
317	106	68
318	105	68
319	105	67
320	105	68
321	105	67
322	104	67
323	104	67
324	103	67
325	102	67
326	101	67
327	101	67
328	101	67
329	99	67
330	98	67
331	97	67
332	97	67
333	96	67
334	95	67
335	94	66
336	93	66
337	91	66
338	91	66
339	89	66
340	88	67
341	87	66
342	86	67
343	84	67
344	83	66
345	82	66
346	81	66
347	79	66
348	78	65
349	77	66
350	74	66
351	73	66
352	72	65
353	71	66
354	69	65
355	68	65
356	66	65
357	65	66
358	64	65
359	63	66
360	61	65
361	60	66
362	59	65
363	57	66
364	56	65
365	55	66
366	54	66
367	53	65
368	52	66
369	50	66
370	49	66
371	48	66
372	47	66
373	46	66
374	45	66
375	45	66
376	43	66
377	43	66
378	41	67
379	41	66
380	40	67
381	40	67
382	39	67
383	38	67
384	37	67
385	37	67
386	36	67
387	37	67
388	36	67
389	35	67
390	35	67
391	35	67
392	35	67
393	34	68
394	35	67
395	35	67
396	35	68
397	35	68
398	35	68
399	35	68
400	35	68
401	35	68
402	35	68
403	36	68
404	36	68
405	37	68
406	37	68
407	37	68
408	37	68
409	39	68
410	39	68
411	40	68
412	41	68
413	41	69
414	42	68
415	43	69
416	43	69
417	45	69
418	45	69
419	46	69
420	47	69
421	48	69
422	49	69
423	49	68
424	51	69
425	52	69
426	53	69
427	53	69
428	55	69
429	56	70
430	57	69
431	58	69
432	59	69
433	61	69
434	61	69
435	63	70
436	63	69
437	65	69
438	65	70
439	67	69
440	68	69
441	69	69
442	70	70
443	71	70
444	71	69
445	73	69
446	73	69
447	75	69
448	76	69
449	77	69
450	77	70
451	79	70
452	79	69
453	80	69
454	81	69
455	82	69
456	82	69
457	83	69
458	84	69
459	85	69
460	85	69
461	85	69
462	86	69
463	87	69
464	87	69
465	88	69
466	88	68
467	89	68
468	88	68
469	89	68
470	89	68
471	89	68
472	90	68
473	90	68
474	90	68
475	90	68
476	90	68
477	90	69
478	90	68
479	90	68
480	90	68
481	90	68
482	89	68
483	89	68
484	89	67
485	89	67
486	89	67
487	88	67
488	89	67
489	88	67
490	87	67
491	87	68
492	86	67
493	85	67
494	85	67
495	84	67
496	84	67
497	83	67
498	83	67
499	82	67
500	81	67
501	81	67
502	80	67
503	79	67
504	79	67
505	78	67
506	77	67
507	76	67
508	75	67
509	75	67
510	74	67
511	73	67
512	72	67
513	71	67
514	70	67
515	70	67
516	69	67
517	68	66
518	67	67
519	67	67
520	65	67
521	65	66
522	64	67
523	63	66
524	62	67
525	61	67
526	60	67
527	60	66
528	59	67
529	58	67
530	57	67
531	57	67
532	57	67
533	55	67
534	54	67
535	54	67
536	54	67
537	53	67
538	53	67
539	52	67
540	52	67
541	51	67
542	51	67
543	50	67
544	50	67
545	49	67
546	49	67
547	49	67
548	49	67
549	48	67
550	48	67
551	48	67
552	48	68
553	47	67
554	47	68
555	47	67
556	47	68
557	47	67
558	47	68
559	47	67
560	47	67
561	47	68
562	47	68
563	47	67
564	47	68
565	48	68
566	48	68
567	48	68
568	49	68
569	49	68
570	49	68
571	49	68
572	50	68
573	50	68
574	51	68
575	51	68
576	51	68
577	52	68
578	52	68
579	53	68
580	53	69
581	53	68
582	55	69
583	55	69
584	55	68
585	56	68
586	57	68
587	57	69
588	58	68
589	58	68
590	59	68
591	59	69
592	60	68
593	61	69
594	61	69
595	62	69
596	62	69
597	63	69
598	64	68
599	65	68
600	65	68
601	66	69
602	67	69
603	67	68
604	68	68
605	69	68
606	69	69
607	69	69
608	71	68
609	71	68
610	71	69
611	72	69
612	73	69
613	73	69
614	73	69
615	74	69
616	75	68
617	75	68
618	76	69
619	77	68
620	77	69
621	77	68
622	78	68
623	77	68
624	78	68
625	78	68
626	79	68
627	79	68
628	79	68
629	79	68
630	80	68
631	80	68
632	81	68
633	80	68
634	81	68
635	81	68
636	81	68
637	81	68
638	81	68
639	81	68
640	81	68
641	81	68
642	80	68
643	81	68
644	81	68
645	80	68
646	81	68
647	80	68
648	80	68
649	79	68
650	79	68
651	79	67
652	79	68
653	79	68
654	78	67
655	78	68
656	78	67
657	77	67
658	77	67
659	77	67
660	77	67
661	76	67
662	75	67
663	75	68
664	74	67
665	74	67
666	73	67
667	73	67
668	72	67
669	72	67
670	72	67
671	71	67
672	71	67
673	70	67
674	69	67
675	69	67
676	68	67
677	68	67
678	67	67
679	67	67
680	66	67
681	66	67
682	66	67
683	65	67
684	64	67
685	64	67
686	64	67
687	63	67
688	63	67
689	62	67
690	61	67
691	61	67
692	61	67
693	60	67
694	60	67
695	60	67
696	59	67
697	59	66
698	58	67
699	58	67
700	58	67
701	57	67
702	57	67
703	57	67
704	57	67
705	56	67
706	55	68
707	55	67
708	55	67
709	55	67
710	55	67
711	55	67
712	55	68
713	55	68
714	54	68
715	55	68
716	54	68
717	54	67
718	54	68
719	55	68
720	54	68
721	54	68
722	54	68
723	55	68
724	54	68
725	54	68
726	55	68
727	55	68
728	55	68
729	55	68
730	55	68
731	55	68
732	56	68
733	56	68
734	56	68
735	56	68
736	56	68
737	57	68
738	57	68
739	57	68
740	57	68
741	58	69
742	58	68
743	58	68
744	59	68
745	59	68
746	59	69
747	60	68
748	61	68
749	60	68
750	61	68
751	61	68
752	62	68
753	63	68
754	63	68
755	63	68
756	63	68
757	64	68
758	64	68
759	65	68
760	65	68
761	65	68
762	66	68
763	66	69
764	67	68
765	67	68
766	67	68
767	67	68
768	68	68
769	68	68
770	68	68
771	69	68
772	70	68
773	70	69
774	71	68
775	71	68
776	71	68
777	71	68
778	72	68
779	72	68
780	72	68
781	72	69
782	72	68
783	73	68
784	73	68
785	73	68
786	73	68
787	73	68
788	74	68
789	73	68
790	74	68
791	74	68
792	75	68
793	75	68
794	75	68
795	75	68
796	75	68
797	75	67
798	75	68
799	75	68
800	75	68
801	75	68
802	75	68
803	75	68
804	75	68
805	75	68
806	75	68
807	75	68
808	74	68
809	74	68
810	75	68
811	74	67
812	74	67
813	74	68
814	73	68
815	73	67
816	73	68
817	73	67
818	73	67
819	72	67
820	73	68
821	72	67
822	72	67
823	72	68
824	71	68
825	71	67
826	71	67
827	71	67
828	70	68
829	70	68
830	69	68
831	69	67
832	69	67
833	69	67
834	68	67
835	68	67
836	68	67
837	67	67
838	67	67
839	67	67
840	67	68
841	66	67
842	66	67
843	65	67
844	65	67
845	65	68
846	65	67
847	64	67
848	64	67
849	64	67
850	63	67
851	63	67
852	63	67
853	63	67
854	63	67
855	62	68
856	62	67
857	62	67
858	61	68
859	61	68
860	61	67
861	61	67
862	61	67
863	60	68
864	61	68
865	60	67
866	60	67
867	59	68
868	59	67
869	59	67
870	59	68
871	59	68
872	59	67
873	59	67
874	59	68
875	59	68
876	59	68
877	59	68
878	59	68
879	58	68
880	58	67
881	58	67
882	59	68
883	59	68
884	59	68
885	59	68
886	59	68
887	59	68
888	59	68
889	59	68
890	59	68
891	59	68
892	60	68
893	59	68
894	59	68
895	59	68
896	60	68
897	60	68
898	60	68
899	60	68
900	61	68
901	61	68
902	61	68
903	61	68
904	61	68
905	61	68
906	61	68
907	62	68
908	62	68
909	62	68
910	63	68
911	63	68
912	63	68
913	63	68
914	63	68
915	64	68
916	64	68
917	65	68
918	64	68
919	65	68
920	65	68
921	65	68
922	65	68
923	66	68
924	66	68
925	66	68
926	66	68
927	66	68
928	67	68
929	68	68
930	68	68
931	68	68
932	68	68
933	68	68
934	68	68
935	68	68
936	69	68
937	69	68
938	69	68
939	69	68
940	69	68
941	69	68
942	69	68
943	70	68
944	70	68
945	70	68
946	70	68
947	70	68
948	70	68
949	71	68
950	71	68
951	71	68
952	71	68
953	71	68
954	71	68
955	71	68
956	71	68
957	72	67
958	71	68
959	71	68
960	71	68
961	71	68
962	71	67
963	71	68
964	71	68
965	72	68
966	71	67
967	71	68
968	71	68
969	71	68
970	71	68
971	70	67
972	71	68
973	71	68
974	70	68
975	71	68
976	71	68
977	70	68
978	70	68
979	70	67
980	70	67
981	70	68
982	70	67
983	69	68
984	69	67
985	69	67
986	69	67
987	69	67
988	69	67
989	69	68
990	68	68
991	68	67
992	68	67
993	68	67
994	67	67
995	67	67
996	67	68
997	67	67
998	67	67
999	66	67
1000	66	68
1001	66	68
1002	66	67
1003	66	67
1004	66	67
1005	65	68
1006	65	67
1007	65	67
1008	65	68
1009	64	68
1010	65	67
1011	64	68
1012	64	67
1013	64	68
1014	64	68
1015	63	68
1016	63	67
1017	63	68
1018	218	223
1019	216	222
1020	215	221
1021	213	220
1022	211	220
1023	209	220
1024	207	220
1025	205	219
1026	202	219
1027	199	219
1028	196	219
1029	193	219
1030	190	218
1031	187	218
1032	183	217
1033	180	217
1034	176	217
1035	172	217
1036	168	217
1037	164	217
1038	160	216
1039	155	216
1040	151	216
1041	146	216
1042	142	216
1043	137	215
1044	133	215
1045	128	215
1046	123	215
1047	118	215
1048	113	215
1049	108	215
1050	103	215
1051	98	215
1052	93	215
1053	88	215
1054	83	215
1055	78	214
1056	73	214
1057	67	214
1058	63	214
1059	58	215
1060	53	215
1061	48	215
1062	43	215
1063	38	215
1064	33	215
1065	29	215
1066	25	215
1067	20	215
1068	15	215
1069	11	215
1070	7	216
1071	3	216
1072	0	216
1073	0	215
1074	0	216
1075	0	216
1076	0	216
1077	0	217
1078	0	217
1079	0	217
1080	0	217
1081	0	217
1082	0	217
1083	0	218
1084	0	218
1085	0	217
1086	0	218
1087	0	219
1088	0	219
1089	0	219
1090	0	219
1091	0	220
1092	0	220
1093	0	220
1094	0	220
1095	0	220
1096	0	220
1097	0	221
1098	0	221
1099	0	222
1100	0	222
1101	0	222
1102	0	222
1103	0	222
1104	0	223
1105	0	223
1106	0	223
1107	0	223
1108	0	223
1109	0	224
1110	0	224
1111	0	224
1112	0	224
1113	0	224
1114	0	225
1115	0	225
1116	0	225
1117	0	225
1118	0	225
1119	0	225
1120	0	226
1121	0	225
1122	0	225
1123	0	226
1124	0	226
1125	3	226
1126	7	226
1127	9	227
1128	13	226
1129	17	227
1130	21	227
1131	24	226
1132	28	227
1133	32	227
1134	36	227
1135	40	227
1136	43	227
1137	47	227
1138	51	227
1139	55	227
1140	59	227
1141	63	227
1142	67	227
1143	71	227
1144	74	227
1145	78	227
1146	82	227
1147	85	227
1148	89	227
1149	93	227
1150	97	227
1151	99	227
1152	103	227
1153	106	227
1154	109	226
1155	113	227
1156	115	227
1157	118	227
1158	121	226
1159	124	225
1160	126	226
1161	129	225
1162	131	226
1163	134	225
1164	136	225
1165	138	225
1166	140	225
1167	142	225
1168	143	224
1169	145	224
1170	147	224
1171	149	224
1172	149	223
1173	150	224
1174	151	223
1175	152	223
1176	153	223
1177	153	223
1178	154	223
1179	154	223
1180	154	222
1181	155	222
1182	155	222
1183	154	222
1184	154	222
1185	154	221
1186	154	221
1187	153	221
1188	152	221
1189	151	221
1190	150	221
1191	149	221
1192	148	220
1193	146	220
1194	145	220
1195	143	220
1196	142	219
1197	140	220
1198	138	219
1199	136	219
1200	134	219
1201	132	219
1202	130	219
1203	128	219
1204	125	219
1205	123	218
1206	121	218
1207	118	218
1208	116	218
1209	113	218
1210	111	217
1211	107	218
1212	105	217
1213	101	217
1214	99	217
1215	96	218
1216	94	217
1217	90	217
1218	88	217
1219	85	217
1220	82	217
1221	79	217
1222	76	217
1223	73	217
1224	69	217
1225	67	217
1226	64	217
1227	61	217
1228	58	217
1229	56	217
1230	53	217
1231	50	217
1232	47	217
1233	45	217
1234	41	217
1235	39	218
1236	36	217
1237	34	218
1238	31	218
1239	29	218
1240	27	218
1241	25	218
1242	22	218
1243	20	218
1244	18	218
1245	16	218
1246	14	219
1247	13	219
1248	11	219
1249	9	219
1250	8	219
1251	7	219
1252	5	219
1253	4	219
1254	3	219
1255	2	220
1256	1	220
1257	1	220
1258	0	220
1259	0	220
1260	0	220
1261	0	220
1262	0	220
1263	0	221
1264	0	221
1265	0	221
1266	0	222
1267	0	221
1268	0	222
1269	0	222
1270	0	222
1271	0	222
1272	1	222
1273	1	222
1274	2	222
1275	3	223
1276	4	223
1277	5	223
1278	6	223
1279	8	223
1280	8	223
1281	10	223
1282	11	223
1283	13	224
1284	15	223
1285	16	224
1286	18	224
1287	20	224
1288	22	224
1289	24	224
1290	26	224
1291	27	224
1292	29	224
1293	32	224
1294	33	224
1295	35	224
1296	39	225
1297	41	224
1298	43	225
1299	45	225
1300	47	224
1301	49	224
1302	52	225
1303	55	225
1304	57	225
1305	59	225
1306	61	225
1307	63	225
1308	65	225
1309	68	225
1310	70	225
1311	72	224
1312	74	225
1313	77	224
1314	79	224
1315	81	224
1316	83	225
1317	85	224
1318	87	224
1319	89	225
1320	91	224
1321	93	224
1322	94	224
1323	96	224
1324	97	224
1325	100	224
1326	101	224
1327	102	224
1328	104	224
1329	105	224
1330	106	224
1331	107	224
1332	109	223
1333	110	224
1334	111	223
1335	112	223
1336	113	223
1337	114	223
1338	115	223
1339	115	223
1340	116	223
1341	117	223
1342	117	222
1343	117	222
1344	117	223
1345	118	222
1346	118	222
1347	118	222
1348	118	222
1349	118	222
1350	118	222
1351	117	222
1352	117	222
1353	117	221
1354	116	221
1355	115	221
1356	114	221
1357	114	221
1358	113	221
1359	113	220
1360	112	221
1361	111	220
1362	110	221
1363	109	220
1364	108	220
1365	107	220
1366	105	220
1367	104	220
1368	103	220
1369	101	219
1370	100	220
1371	99	220
1372	97	219
1373	96	219
1374	93	220
1375	93	220
1376	91	220
1377	89	220
1378	88	219
1379	86	219
1380	84	219
1381	83	219
1382	81	218
1383	79	219
1384	77	219
1385	75	219
1386	74	219
1387	72	219
1388	70	219
1389	68	219
1390	66	219
1391	65	219
1392	63	219
1393	61	219
1394	59	219
1395	58	219
1396	56	219
1397	55	219
1398	53	219
1399	51	219
1400	50	219
1401	48	219
1402	47	219
1403	45	220
1404	43	219
1405	42	219
1406	41	219
1407	40	219
1408	39	220
1409	37	220
1410	36	220
1411	35	219
1412	34	220
1413	33	220
1414	32	220
1415	31	220
1416	31	220
1417	30	220
1418	29	220
1419	28	220
1420	28	220
1421	27	220
1422	27	221
1423	27	221
1424	26	221
1425	26	221
1426	26	221
1427	26	221
1428	25	221
1429	25	221
1430	25	221
1431	25	222
1432	25	222
1433	25	222
1434	26	221
1435	26	221
1436	27	222
1437	27	222
1438	28	222
1439	28	222
1440	28	222
1441	29	222
1442	30	222
1443	31	223
1444	31	222
1445	32	223
1446	33	222
1447	34	223
1448	35	223
1449	36	222
1450	37	223
1451	38	223
1452	39	223
1453	41	223
1454	41	223
1455	43	223
1456	44	223
1457	45	223
1458	46	223
1459	48	223
1460	49	223
1461	50	223
1462	52	223
1463	53	223
1464	55	223
1465	56	223
1466	57	223
1467	59	224
1468	60	223
1469	61	223
1470	63	224
1471	64	223
1472	65	223
1473	66	223
1474	68	224
1475	69	224
1476	71	223
1477	73	224
1478	73	223
1479	75	223
1480	76	223
1481	77	223
1482	79	223
1483	80	223
1484	81	223
1485	81	223
1486	83	223
1487	84	223
1488	85	223
1489	86	223
1490	87	223
1491	88	223
1492	89	223
1493	89	223
1494	90	223
1495	91	223
1496	92	223
1497	93	222
1498	93	223
1499	93	223
1500	94	223
1501	95	223
1502	95	223
1503	95	222
1504	96	222
1505	96	222
1506	97	222
1507	97	222
1508	97	222
1509	97	222
1510	97	222
1511	97	222
1512	97	222
1513	97	222
1514	97	222
1515	97	222
1516	96	221
1517	97	221
1518	95	221
1519	95	220
1520	95	221
1521	95	221
1522	94	221
1523	94	221
1524	93	221
1525	93	221
1526	92	221
1527	91	221
1528	91	221
1529	90	221
1530	89	220
1531	89	221
1532	87	220
1533	87	220
1534	85	220
1535	85	220
1536	84	220
1537	83	221
1538	82	220
1539	82	220
1540	81	220
1541	79	220
1542	79	220
1543	77	220
1544	76	220
1545	76	220
1546	74	220
1547	73	220
1548	72	220
1549	71	220
1550	70	220
1551	69	220
1552	68	220
1553	66	220
1554	65	220
1555	64	220
1556	63	220
1557	63	220
1558	61	220
1559	60	220
1560	59	220
1561	58	220
1562	57	220
1563	57	221
1564	55	220
1565	54	220
1566	53	220
1567	53	220
1568	52	220
1569	51	220
1570	50	221
1571	49	220
1572	49	220
1573	48	221
1574	48	220
1575	47	221
1576	47	221
1577	45	221
1578	45	220
1579	45	221
1580	44	221
1581	44	221
1582	43	221
1583	43	220
1584	43	221
1585	42	221
1586	42	221
1587	41	222
1588	42	221
1589	41	221
1590	41	221
1591	41	221
1592	41	221
1593	41	221
1594	41	222
1595	41	221
1596	41	221
1597	42	222
1598	42	222
1599	42	221
1600	42	222
1601	43	222
1602	43	222
1603	44	222
1604	44	222
1605	44	222
1606	44	222
1607	45	222
1608	46	222
1609	46	222
1610	47	222
1611	47	222
1612	48	222
1613	49	223
1614	49	223
1615	50	222
1616	50	223
1617	51	223
1618	52	223
1619	52	223
1620	53	223
1621	54	223
1622	55	223
1623	56	223
1624	57	222
1625	57	222
1626	59	223
1627	59	223
1628	60	223
1629	61	223
1630	62	223
1631	63	223
1632	63	223
1633	65	223
1634	65	222
1635	66	223
1636	67	223
1637	68	223
1638	68	223
1639	69	223
1640	69	223
1641	71	223
1642	71	223
1643	72	223
1644	73	223
1645	73	223
1646	74	223
1647	75	223
1648	76	223
1649	77	223
1650	77	223
1651	78	223
1652	78	223
1653	79	223
1654	80	223
1655	80	222
1656	80	222
1657	81	223
1658	81	222
1659	81	222
1660	82	222
1661	83	222
1662	83	223
1663	83	222
1664	84	222
1665	83	222
1666	84	222
1667	84	222
1668	85	222
1669	85	222
1670	85	222
1671	85	222
1672	85	222
1673	85	222
1674	85	222
1675	85	222
1676	85	221
1677	85	222
1678	84	221
1679	84	222
1680	84	222
1681	84	222
1682	84	221
1683	83	221
1684	83	221
1685	83	221
1686	83	221
1687	82	221
1688	81	221
1689	81	221
1690	81	221
1691	81	221
1692	80	221
1693	80	221
1694	79	221
1695	79	221
1696	78	221
1697	78	221
1698	77	221
1699	77	221
1700	77	221
1701	75	221
1702	75	221
1703	74	221
1704	73	221
1705	72	221
1706	72	221
1707	72	221
1708	71	220
1709	70	220
1710	69	221
1711	69	221
1712	68	221
1713	67	221
1714	67	221
1715	66	220
1716	65	221
1717	65	221
1718	65	221
1719	64	220
1720	63	220
1721	62	220
1722	62	221
1723	61	221
1724	61	221
1725	60	221
1726	59	221
1727	59	221
1728	59	221
1729	57	221
1730	57	221
1731	57	221
1732	57	220
1733	56	221
1734	56	221
1735	55	221
1736	54	221
1737	54	221
1738	54	221
1739	53	222
1740	53	221
1741	52	221
1742	53	221
1743	52	221
1744	52	221
1745	52	221
1746	52	221
1747	52	221
1748	51	221
1749	51	221
1750	51	221
1751	51	222
1752	51	222
1753	51	222
1754	51	221
1755	51	222
1756	51	222
1757	51	222
1758	51	222
1759	51	222
1760	51	222
1761	52	222
1762	52	222
1763	52	222
1764	52	222
1765	53	222
1766	53	222
1767	53	222
1768	53	222
1769	53	222
1770	53	222
1771	54	222
1772	54	222
1773	55	222
1774	55	223
1775	55	222
1776	56	223
1777	57	222
1778	57	222
1779	57	222
1780	58	222
1781	58	222
1782	59	222
1783	59	223
1784	60	222
1785	59	222
1786	60	222
1787	61	223
1788	61	222
1789	62	223
1790	63	222
1791	63	222
1792	63	223
1793	63	222
1794	64	222
1795	65	222
1796	65	222
1797	66	222
1798	66	222
1799	67	223
1800	67	222
1801	68	222
1802	69	222
1803	69	223
1804	69	222
1805	70	223
1806	70	222
1807	71	222
1808	71	223
1809	71	222
1810	72	222
1811	73	223
1812	72	222
1813	73	222
1814	73	223
1815	74	222
1816	74	222
1817	74	222
1818	75	222
1819	75	222
1820	75	222
1821	75	223
1822	76	222
1823	76	222
1824	76	222
1825	77	222
1826	77	222
1827	77	222
1828	77	222
1829	77	222
1830	78	222
1831	77	222
1832	77	222
1833	77	222
1834	77	222
1835	78	222
1836	77	222
1837	77	222
1838	77	222
1839	77	221
1840	77	222
1841	77	221
1842	77	221
1843	77	221
1844	77	222
1845	77	222
1846	76	221
1847	76	222
1848	76	221
1849	76	221
1850	76	221
1851	75	221
1852	75	221
1853	74	221
1854	74	221
1855	74	221
1856	74	221
1857	73	221
1858	73	221
1859	73	221
1860	72	221
1861	72	221
1862	72	221
1863	72	221
1864	71	221
1865	71	221
1866	71	221
1867	70	221
1868	69	221
1869	69	221
1870	69	221
1871	69	222
1872	68	221
1873	67	221
1874	67	221
1875	67	221
1876	66	221
1877	66	222
1878	65	221
1879	65	221
1880	65	221
1881	64	221
1882	64	221
1883	63	221
1884	63	221
1885	63	221
1886	63	221
1887	62	221
1888	62	222
1889	61	221
1890	61	221
1891	61	221
1892	60	221
1893	60	221
1894	60	221
1895	59	221
1896	59	221
1897	59	221
1898	59	222
1899	59	221
1900	58	221
1901	58	222
1902	58	221
1903	58	221
1904	58	222
1905	57	221
1906	57	221
1907	57	222
1908	57	221
1909	57	222
1910	57	222
1911	57	222
1912	57	221
1913	57	221
1914	57	222
1915	56	221
1916	57	221
1917	57	221
1918	57	221
1919	57	222
1920	57	222
1921	57	222
1922	57	222
1923	57	221
1924	57	222
1925	57	222
1926	57	222
1927	58	222
1928	57	222
1929	57	222
1930	57	221
1931	58	222
1932	59	222
1933	58	222
1934	59	222
1935	59	222
1936	59	222
1937	60	222
1938	59	222
1939	61	222
1940	60	222
1941	60	222
1942	61	222
1943	61	222
1944	61	222
1945	61	222
1946	62	222
1947	62	222
1948	63	223
1949	63	222
1950	63	222
1951	63	222
1952	64	222
1953	64	222
1954	64	222
1955	65	222
1956	65	222
1957	65	222
1958	66	222
1959	66	222
1960	67	223
1961	67	222
1962	67	222
1963	68	222
1964	67	222
1965	68	222
1966	68	222
1967	69	222
1968	69	222
1969	69	222
1970	69	222
1971	69	222
1972	70	222
1973	69	222
1974	70	222
1975	71	222
1976	71	222
1977	71	222
1978	71	222
1979	72	222
1980	71	222
1981	72	222
1982	72	222
1983	72	222
1984	72	222
1985	72	222
1986	72	222
1987	72	222
1988	73	222
1989	73	222
1990	73	222
1991	73	222
1992	73	222
1993	73	222
1994	73	222
1995	73	221
1996	73	222
1997	73	221
1998	73	222
1999	73	222
2000	73	222
2001	73	222
2002	73	221
2003	72	222
2004	73	222
2005	73	222
2006	73	221
2007	73	221
2008	72	222
2009	72	221
2010	72	222
2011	72	222
2012	72	221
2013	72	222
2014	71	221
2015	71	221
2016	71	222
2017	71	221
2018	71	221
2019	70	222
2020	70	221
2021	70	221
2022	69	222
2023	69	221
2024	69	221
2025	69	222
2026	69	221
2027	69	221
2028	68	221
2029	68	221
2030	67	221
2031	67	221
2032	67	221
2033	66	221
2034	67	221
2035	66	221
2036	66	221
2037	65	221
2038	66	221
2039	65	221
2040	65	222
2041	65	221
2042	65	221
2043	64	221
2044	64	221
2045	64	222
2046	64	221
2047	63	221
2048	64	222
2049	63	221
2050	63	221
2051	63	222
2052	63	221
2053	63	221
2054	62	221
2055	62	222
2056	62	221
2057	62	221
2058	61	221
2059	61	221
2060	61	222
2061	61	222
2062	61	221
2063	60	221
2064	61	222
2065	61	222
2066	60	221
2067	60	221
2068	60	222
2069	60	221
2070	60	221
2071	60	222
2072	60	222
2073	60	221
2074	60	222
2075	60	222
2076	60	222
2077	60	222
2078	59	222
2079	60	222
2080	60	222
2081	61	222
2082	60	222
2083	60	222
2084	60	222
2085	61	222
2086	60	222
2087	61	222
2088	61	222
2089	61	222
2090	61	222
2091	61	222
2092	61	222
2093	61	222
2094	61	222
2095	62	222
2096	62	222
2097	62	222
2098	62	222
2099	62	222
2100	62	222
2101	62	222
2102	62	222
2103	63	222
2104	63	222
2105	63	222
2106	63	222
2107	63	222
2108	63	222
2109	64	222
2110	65	222
2111	64	222
2112	64	222
2113	65	222
2114	65	222
2115	65	222
2116	65	222
2117	65	222
2118	65	222
2119	66	222
2120	66	222
2121	66	222
2122	66	222
2123	66	223
2124	67	222
2125	67	222
2126	67	222
2127	67	222
2128	67	222
2129	68	222
2130	68	222
2131	68	222
2132	68	222
2133	68	222
2134	0	67
2135	0	67
2136	0	68
2137	0	68
2138	0	68
2139	0	69
2140	0	70
2141	0	70
2142	0	70
2143	0	70
2144	0	71
2145	0	70
2146	0	71
2147	0	72
2148	0	71
2149	0	72
2150	0	72
2151	0	73
2152	0	72
2153	0	73
2154	0	73
2155	0	73
2156	0	73
2157	0	73
2158	0	73
2159	0	73
2160	0	74
2161	4	74
2162	9	75
2163	13	75
2164	18	74
2165	23	74
2166	28	75
2167	33	75
2168	38	75
2169	43	75
2170	48	75
2171	53	75
2172	58	75
2173	64	75
2174	68	75
2175	73	75
2176	78	75
2177	83	75
2178	88	75
2179	93	75
2180	97	75
2181	102	75
2182	107	75
2183	111	74
2184	115	75
2185	120	74
2186	124	75
2187	128	74
2188	132	73
2189	136	73
2190	140	73
2191	144	73
2192	147	73
2193	150	73
2194	153	73
2195	156	72
2196	159	72
2197	162	72
2198	164	72
2199	167	72
2200	169	72
2201	171	71
2202	174	71
2203	175	71
2204	177	70
2205	178	70
2206	179	70
2207	181	70
2208	182	70
2209	182	70
2210	184	69
2211	184	69
2212	184	69
2213	184	69
2214	184	68
2215	184	68
2216	184	68
2217	183	68
2218	182	67
2219	182	67
2220	180	67
2221	179	67
2222	178	67
2223	177	66
2224	175	65
2225	173	66
2226	171	65
2227	169	65
2228	167	65
2229	164	65
2230	162	65
2231	160	65
2232	157	64
2233	155	64
2234	152	64
2235	149	64
2236	146	64
2237	143	64
2238	140	64
2239	136	63
2240	133	63
2241	129	63
2242	126	63
2243	122	63
2244	119	63
2245	115	63
2246	111	62
2247	107	62
2248	104	63
2249	100	62
2250	96	63
2251	92	62
2252	88	62
2253	85	62
2254	81	62
2255	77	62
2256	73	62
2257	69	62
2258	65	63
2259	61	62
2260	57	62
2261	54	62
2262	50	63
2263	47	63
2264	43	63
2265	40	62
2266	36	62
2267	33	63
2268	29	63
2269	27	63
2270	23	63
2271	20	63
2272	17	63
2273	14	63
2274	11	63
2275	9	63
2276	5	63
2277	4	63
2278	1	64
2279	0	64
2280	0	64
2281	0	64
2282	0	64
2283	0	64
2284	0	64
2285	0	65
2286	0	65
2287	0	66
2288	0	65
2289	0	65
2290	0	66
2291	0	66
2292	0	66
2293	0	66
2294	0	67
2295	0	67
2296	0	67
2297	0	67
2298	0	67
2299	0	68
2300	0	67
2301	0	68
2302	0	68
2303	0	68
2304	0	69
2305	0	68
2306	0	69
2307	0	69
2308	0	69
2309	0	69
2310	0	69
2311	0	70
2312	0	70
2313	0	70
2314	0	70
2315	0	71
2316	0	70
2317	0	70
2318	1	70
2319	4	71
2320	6	71
2321	8	71
2322	10	71
2323	13	71
2324	16	71
2325	18	71
2326	21	71
2327	24	72
2328	26	71
2329	29	71
2330	32	71
2331	34	72
2332	37	72
2333	40	72
2334	43	72
2335	46	72
2336	49	72
2337	52	72
2338	55	72
2339	58	72
2340	61	72
2341	64	71
2342	67	72
2343	69	71
2344	72	72
2345	75	72
2346	79	72
2347	81	72
2348	84	72
2349	87	72
2350	89	72
2351	92	72
2352	94	72
2353	97	72
2354	99	71
2355	102	72
2356	104	71
2357	106	71
2358	109	71
2359	111	72
2360	113	71
2361	115	71
2362	116	71
2363	118	71
2364	120	70
2365	121	71
2366	123	71
2367	125	70
2368	125	71
2369	127	70
2370	128	70
2371	129	70
2372	130	69
2373	131	70
2374	131	69
2375	133	69
2376	133	69
2377	133	69
2378	133	69
2379	134	68
2380	134	68
2381	134	68
2382	133	68
2383	134	68
2384	133	68
2385	133	68
2386	133	67
2387	132	68
2388	131	67
2389	131	67
2390	130	67
2391	129	67
2392	128	67
2393	127	67
2394	126	67
2395	124	66
2396	123	66
2397	122	67
2398	121	66
2399	119	66
2400	117	66
2401	115	65
2402	113	65
2403	112	65
2404	110	65
2405	108	65
2406	106	65
2407	105	65
2408	102	65
2409	100	65
2410	98	65
2411	96	65
2412	94	64
2413	92	65
2414	89	65
2415	87	64
2416	85	65
2417	83	64
2418	81	65
2419	78	64
2420	76	65
2421	73	64
2422	72	64
2423	69	65
2424	67	64
2425	65	64
2426	62	65
2427	60	64
2428	58	65
2429	56	64
2430	54	65
2431	51	64
2432	49	65
2433	47	64
2434	45	65
2435	43	65
2436	42	65
2437	40	65
2438	38	65
2439	36	65
2440	34	65
2441	33	65
2442	31	65
2443	30	65
2444	29	65
2445	27	65
2446	25	65
2447	24	65
2448	23	66
2449	22	65
2450	21	65
2451	20	66
2452	19	65
2453	18	67
2454	17	67
2455	17	67
2456	16	67
2457	16	67
2458	15	67
2459	15	67
2460	14	67
2461	14	67
2462	14	67
2463	13	67
2464	14	67
2465	14	68
2466	14	68
2467	14	68
2468	15	68
2469	15	68
2470	15	68
2471	16	68
2472	16	68
2473	17	68
2474	18	68
2475	18	68
2476	19	69
2477	21	69
2478	21	68
2479	22	69
2480	24	69
2481	24	69
2482	25	69
2483	27	69
2484	28	69
2485	29	69
2486	31	70
2487	32	70
2488	33	70
2489	35	70
2490	37	70
2491	39	70
2492	40	70
2493	41	70
2494	43	70
2495	45	70
2496	46	71
2497	48	70
2498	50	70
2499	52	70
2500	54	71
2501	55	70
2502	57	70
2503	59	70
2504	61	71
2505	62	70
2506	64	71
2507	66	70
2508	67	70
2509	69	71
2510	71	70
2511	73	70
2512	74	70
2513	76	70
2514	78	70
2515	79	70
2516	81	70
2517	83	70
2518	84	71
2519	85	70
2520	87	70
2521	88	70
2522	90	70
2523	91	70
2524	92	70
2525	93	70
2526	95	70
2527	96	70
2528	97	69
2529	97	69
2530	98	70
2531	100	69
2532	101	69
2533	101	70
2534	102	69
2535	103	69
2536	103	69
2537	104	69
2538	105	69
2539	105	69
2540	105	69
2541	105	68
2542	106	68
2543	106	68
2544	106	68
2545	106	68
2546	106	68
2547	106	68
2548	105	68
2549	106	68
2550	105	68
2551	105	68
2552	105	67
2553	105	67
2554	104	67
2555	103	67
2556	103	67
2557	103	67
2558	101	67
2559	101	67
2560	100	67
2561	100	67
2562	99	67
2563	98	67
2564	97	67
2565	96	67
2566	95	67
2567	94	67
2568	93	67
2569	92	67
2570	91	66
2571	89	67
2572	89	66
2573	87	67
2574	86	66
2575	84	66
2576	83	65
2577	81	66
2578	81	67
2579	79	66
2580	78	65
2581	77	65
2582	75	66
2583	73	66
2584	73	66
2585	71	65
2586	69	66
2587	68	66
2588	67	65
2589	66	65
2590	64	65
2591	62	65
2592	61	65
2593	61	66
2594	59	65
2595	58	65
2596	56	66
2597	55	66
2598	54	66
2599	53	66
2600	52	66
2601	51	65
2602	49	67
2603	48	66
2604	47	66
2605	46	66
2606	45	66
2607	44	66
2608	43	67
2609	43	67
2610	41	67
2611	41	67
2612	40	66
2613	39	67
2614	39	66
2615	38	66
2616	37	67
2617	37	67
2618	37	67
2619	36	67
2620	36	67
2621	36	67
2622	35	67
2623	35	67
2624	35	67
2625	34	68
2626	34	67
2627	34	68
2628	35	67
2629	35	67
2630	35	67
2631	35	68
2632	35	68
2633	35	68
2634	36	68
2635	36	68
2636	36	68
2637	37	68
2638	37	68
2639	37	68
2640	37	68
2641	39	68
2642	39	68
2643	40	68
2644	40	68
2645	41	69
2646	42	69
2647	43	69
2648	44	69
2649	45	69
2650	45	69
2651	46	69
2652	47	69
2653	48	69
2654	49	69
2655	49	69
2656	51	69
2657	52	69
2658	53	69
2659	53	69
2660	55	70
2661	56	69
2662	57	69
2663	58	69
2664	59	69
2665	60	69
2666	61	69
2667	63	69
2668	63	69
2669	64	70
2670	65	69
2671	67	69
2672	67	69
2673	69	70
2674	69	69
2675	71	70
2676	72	69
2677	73	69
2678	73	69
2679	74	69
2680	75	69
2681	76	69
2682	77	69
2683	78	69
2684	79	69
2685	80	69
2686	81	69
2687	81	69
2688	83	69
2689	83	69
2690	84	69
2691	85	69
2692	85	68
2693	85	69
2694	86	69
2695	87	69
2696	87	68
2697	88	68
2698	88	69
2699	88	69
2700	89	68
2701	89	68
2702	89	68
2703	89	68
2704	89	68
2705	90	68
2706	90	68
2707	90	68
2708	90	68
2709	90	68
2710	91	68
2711	90	68
2712	89	68
2713	90	68
2714	89	68
2715	89	67
2716	89	68
2717	89	68
2718	89	67
2719	89	68
2720	88	67
2721	87	68
2722	87	67
2723	87	67
2724	86	68
2725	85	67
2726	85	67
2727	85	67
2728	85	67
2729	83	67
2730	83	67
2731	82	67
2732	81	67
2733	81	67
2734	80	67
2735	80	67
2736	79	67
2737	78	67
2738	77	67
2739	77	67
2740	75	67
2741	74	67
2742	74	67
2743	73	67
2744	72	67
2745	71	67
2746	70	67
2747	69	67
2748	69	67
2749	67	66
2750	67	67
2751	66	67
2752	65	66
2753	65	67
2754	63	67
2755	63	67
2756	62	67
2757	61	66
2758	61	67
2759	60	67
2760	59	67
2761	58	67
2762	57	67
2763	57	67
2764	57	67
2765	56	67
2766	55	67
2767	54	67
2768	54	67
2769	53	67
2770	53	67
2771	52	67
2772	51	67
2773	51	67
2774	51	67
2775	50	67
2776	49	67
2777	49	67
2778	49	67
2779	49	67
2780	48	67
2781	48	68
2782	48	67
2783	48	67
2784	48	67
2785	47	67
2786	47	67
2787	47	68
2788	47	68
2789	47	67
2790	47	68
2791	47	68
2792	47	68
2793	47	67
2794	47	68
2795	47	68
2796	48	68
2797	48	68
2798	48	68
2799	48	68
2800	48	68
2801	49	68
2802	49	68
2803	49	68
2804	49	68
2805	50	68
2806	51	68
2807	51	68
2808	51	68
2809	51	68
2810	52	68
2811	53	68
2812	53	68
2813	53	68
2814	55	68
2815	54	68
2816	55	69
2817	56	69
2818	56	68
2819	57	68
2820	57	68
2821	59	68
2822	59	69
2823	59	69
2824	60	69
2825	61	69
2826	61	69
2827	62	69
2828	63	69
2829	63	68
2830	64	69
2831	65	69
2832	66	69
2833	66	69
2834	66	69
2835	67	69
2836	68	69
2837	68	68
2838	69	68
2839	69	69
2840	70	69
2841	71	68
2842	71	68
2843	72	69
2844	73	69
2845	73	69
2846	74	69
2847	75	69
2848	75	69
2849	75	68
2850	76	68
2851	76	68
2852	76	68
2853	77	69
2854	77	68
2855	78	68
2856	78	68
2857	79	68
2858	78	69
2859	79	68
2860	79	68
2861	79	68
2862	80	68
2863	80	68
2864	80	68
2865	80	68
2866	81	68
2867	81	68
2868	81	68
2869	81	68
2870	81	68
2871	81	68
2872	81	68
2873	81	68
2874	80	68
2875	80	67
2876	81	68
2877	81	68
2878	80	68
2879	80	68
2880	80	67
2881	80	67
2882	80	68
2883	80	68
2884	79	67
2885	78	67
2886	78	67
2887	78	67
2888	78	67
2889	77	67
2890	77	68
2891	77	68
2892	76	67
2893	76	67
2894	76	67
2895	75	67
2896	75	67
2897	74	67
2898	73	67
2899	73	67
2900	72	67
2901	72	68
2902	72	67
2903	71	67
2904	70	67
2905	70	67
2906	69	67
2907	69	67
2908	69	67
2909	68	67
2910	68	67
2911	67	67
2912	66	67
2913	66	67
2914	65	67
2915	65	67
2916	64	67
2917	64	67
2918	63	67
2919	63	67
2920	63	67
2921	62	67
2922	61	67
2923	61	67
2924	61	67
2925	60	67
2926	60	67
2927	60	67
2928	59	67
2929	59	67
2930	58	67
2931	57	67
2932	58	67
2933	57	67
2934	57	67
2935	57	67
2936	57	67
2937	57	68
2938	56	67
2939	55	67
2940	56	67
2941	55	67
2942	55	68
2943	55	68
2944	54	67
2945	54	68
2946	55	67
2947	55	68
2948	54	68
2949	54	67
2950	54	68
2951	54	68
2952	54	68
2953	54	67
2954	54	68
2955	55	68
2956	54	68
2957	54	68
2958	55	68
2959	55	68
2960	55	68
2961	55	68
2962	55	68
2963	55	68
2964	56	68
2965	56	68
2966	56	68
2967	56	68
2968	56	68
2969	57	68
2970	57	68
2971	57	68
2972	57	68
2973	58	68
2974	58	68
2975	58	68
2976	59	68
2977	59	68
2978	59	68
2979	60	68
2980	60	69
2981	61	68
2982	61	68
2983	61	69
2984	62	68
2985	62	68
2986	62	68
2987	63	68
2988	63	69
2989	64	68
2990	64	68
2991	65	68
2992	65	68
2993	65	68
2994	65	68
2995	66	68
2996	66	68
2997	67	69
2998	67	69
2999	67	68
3000	68	68
3001	68	68
3002	69	68
3003	69	68
3004	69	68
3005	69	68
3006	70	68
3007	71	68
3008	71	69
3009	71	68
3010	71	68
3011	72	68
3012	72	68
3013	72	68
3014	73	68
3015	73	68
3016	73	68
3017	73	68
3018	73	68
3019	74	68
3020	73	68
3021	74	68
3022	74	68
3023	75	68
3024	74	68
3025	74	68
3026	74	67
3027	75	68
3028	75	68
3029	74	68
3030	75	68
3031	74	68
3032	75	68
3033	75	68
3034	75	68
3035	75	68
3036	75	68
3037	75	68
3038	75	68
3039	74	68
3040	75	67
3041	74	68
3042	74	68
3043	74	68
3044	74	68
3045	73	67
3046	73	68
3047	73	68
3048	73	67
3049	73	67
3050	73	68
3051	73	68
3052	73	67
3053	71	67
3054	73	68
3055	71	67
3056	71	68
3057	71	67
3058	71	67
3059	71	68
3060	71	67
3061	69	67
3062	70	67
3063	70	67
3064	69	67
3065	69	68
3066	69	67
3067	68	67
3068	68	67
3069	68	67
3070	67	67
3071	67	67
3072	66	68
3073	66	67
3074	65	67
3075	66	67
3076	65	67
3077	65	67
3078	65	67
3079	64	67
3080	64	67
3081	64	67
3082	63	67
3083	63	67
3084	63	67
3085	63	67
3086	62	67
3087	62	67
3088	62	67
3089	62	68
3090	61	68
3091	61	67
3092	61	67
3093	61	68
3094	61	67
3095	61	67
3096	61	67
3097	60	67
3098	60	67
3099	60	68
3100	59	67
3101	59	68
3102	59	67
3103	59	67
3104	59	68
3105	59	68
3106	59	67
3107	59	68
3108	59	68
3109	59	68
3110	58	67
3111	59	68
3112	59	67
3113	59	68
3114	59	67
3115	59	67
3116	59	68
3117	59	68
3118	59	68
3119	59	68
3120	59	68
3121	59	68
3122	59	68
3123	59	68
3124	59	68
3125	59	68
3126	59	68
3127	59	68
3128	60	68
3129	60	68
3130	60	68
3131	60	68
3132	61	68
3133	60	68
3134	61	68
3135	61	68
3136	61	68
3137	61	68
3138	61	68
3139	62	68
3140	62	68
3141	62	68
3142	63	69
3143	63	68
3144	63	68
3145	63	69
3146	63	68
3147	64	68
3148	64	68
3149	64	68
3150	65	68
3151	65	68
3152	65	68
3153	65	68
3154	65	68
3155	65	68
3156	66	68
3157	67	69
3158	66	68
3159	67	68
3160	67	68
3161	67	68
3162	67	68
3163	67	68
3164	67	68
3165	68	68
3166	68	68
3167	69	68
3168	69	68
3169	69	68
3170	69	68
3171	69	68
3172	69	68
3173	69	68
3174	69	68
3175	70	68
3176	70	68
3177	70	68
3178	71	68
3179	71	68
3180	70	68
3181	71	68
3182	71	68
3183	71	68
3184	71	68
3185	71	68
3186	71	68
3187	72	68
3188	71	68
3189	71	68
3190	71	68
3191	71	68
3192	71	68
3193	71	68
3194	72	68
3195	72	67
3196	71	68
3197	71	67
3198	72	68
3199	71	68
3200	71	67
3201	71	68
3202	71	68
3203	71	68
3204	71	68
3205	71	68
3206	71	67
3207	71	67
3208	71	67
3209	70	68
3210	70	68
3211	70	67
3212	70	67
3213	70	68
3214	69	68
3215	70	68
3216	69	68
3217	69	68
3218	69	67
3219	69	67
3220	69	67
3221	69	68
3222	69	68
3223	69	67
3224	68	67
3225	68	68
3226	67	67
3227	67	68
3228	67	67
3229	67	67
3230	66	67
3231	67	67
3232	66	67
3233	66	68
3234	65	67
3235	66	68
3236	65	68
3237	65	68
3238	65	67
3239	65	67
3240	65	68
3241	65	67
3242	65	68
3243	64	67
3244	64	67
3245	64	68
3246	64	68
3247	63	68
3248	63	67
3249	63	67
3250	218	223
3251	217	222
3252	215	221
3253	213	220
3254	212	220
3255	209	220
3256	207	220
3257	205	220
3258	203	219
3259	199	219
3260	197	219
3261	193	218
3262	191	218
3263	187	218
3264	184	217
3265	180	217
3266	176	217
3267	173	217
3268	168	217
3269	164	216
3270	160	217
3271	157	217
3272	151	216
3273	147	216
3274	142	215
3275	138	216
3276	133	216
3277	129	215
3278	124	215
3279	119	215
3280	114	215
3281	109	215
3282	104	215
3283	99	215
3284	94	215
3285	89	215
3286	84	214
3287	79	215
3288	74	214
3289	69	214
3290	63	214
3291	59	215
3292	54	214
3293	49	215
3294	44	215
3295	39	215
3296	34	215
3297	29	215
3298	25	215
3299	21	215
3300	16	215
3301	12	215
3302	8	215
3303	4	215
3304	0	216
3305	0	216
3306	0	216
3307	0	216
3308	0	216
3309	0	216
3310	0	216
3311	0	216
3312	0	217
3313	0	217
3314	0	217
3315	0	217
3316	0	217
3317	0	218
3318	0	218
3319	0	219
3320	0	219
3321	0	219
3322	0	219
3323	0	219
3324	0	219
3325	0	219
3326	0	220
3327	0	220
3328	0	220
3329	0	221
3330	0	221
3331	0	222
3332	0	221
3333	0	222
3334	0	222
3335	0	222
3336	0	222
3337	0	223
3338	0	223
3339	0	223
3340	0	223
3341	0	223
3342	0	224
3343	0	224
3344	0	224
3345	0	224
3346	0	224
3347	0	225
3348	0	225
3349	0	225
3350	0	225
3351	0	225
3352	0	225
3353	0	225
3354	0	226
3355	0	226
3356	0	226
3357	2	226
3358	6	226
3359	9	226
3360	13	227
3361	16	227
3362	20	227
3363	24	227
3364	28	227
3365	31	227
3366	35	227
3367	39	227
3368	43	227
3369	47	227
3370	51	227
3371	55	227
3372	59	227
3373	62	227
3374	66	227
3375	70	227
3376	74	228
3377	77	227
3378	81	227
3379	85	227
3380	89	227
3381	92	227
3382	95	227
3383	99	227
3384	102	227
3385	106	227
3386	109	226
3387	112	226
3388	115	226
3389	118	226
3390	121	226
3391	123	226
3392	126	226
3393	129	226
3394	131	225
3395	134	226
3396	136	225
3397	138	225
3398	140	224
3399	142	225
3400	143	225
3401	145	225
3402	147	224
3403	148	224
3404	149	224
3405	150	224
3406	152	223
3407	152	224
3408	153	223
3409	153	223
3410	154	223
3411	154	223
3412	155	223
3413	154	222
3414	154	223
3415	154	222
3416	154	222
3417	154	221
3418	153	221
3419	153	222
3420	152	221
3421	152	221
3422	150	221
3423	149	221
3424	148	220
3425	147	220
3426	145	220
3427	144	220
3428	142	220
3429	141	219
3430	138	219
3431	137	220
3432	135	219
3433	133	219
3434	131	219
3435	128	219
3436	126	218
3437	123	218
3438	121	219
3439	119	217
3440	116	218
3441	113	218
3442	111	218
3443	108	219
3444	105	218
3445	102	218
3446	99	217
3447	97	218
3448	94	217
3449	91	217
3450	88	217
3451	85	217
3452	82	217
3453	79	218
3454	77	217
3455	74	217
3456	70	217
3457	67	217
3458	64	217
3459	61	218
3460	59	217
3461	56	217
3462	53	217
3463	50	217
3464	48	217
3465	44	217
3466	41	217
3467	39	218
3468	36	217
3469	34	218
3470	32	217
3471	29	218
3472	27	217
3473	25	218
3474	23	219
3475	20	218
3476	18	219
3477	17	218
3478	15	219
3479	13	219
3480	11	219
3481	9	219
3482	9	219
3483	7	219
3484	5	219
3485	5	219
3486	4	219
3487	2	219
3488	1	220
3489	1	220
3490	1	220
3491	0	221
3492	0	220
3493	0	220
3494	0	220
3495	0	221
3496	0	221
3497	0	221
3498	0	221
3499	0	222
3500	0	222
3501	0	222
3502	0	222
3503	0	222
3504	1	223
3505	1	222
3506	2	222
3507	3	223
3508	4	223
3509	4	223
3510	6	223
3511	7	223
3512	9	223
3513	10	223
3514	11	223
3515	13	224
3516	14	223
3517	16	223
3518	17	224
3519	20	224
3520	21	224
3521	24	224
3522	25	224
3523	27	224
3524	29	224
3525	31	224
3526	33	224
3527	35	224
3528	38	224
3529	40	224
3530	42	224
3531	45	225
3532	47	225
3533	49	225
3534	52	224
3535	54	225
3536	56	225
3537	59	225
3538	61	225
3539	63	225
3540	65	225
3541	67	225
3542	69	225
3543	72	225
3544	74	225
3545	77	224
3546	79	225
3547	81	225
3548	83	225
3549	85	224
3550	87	224
3551	88	224
3552	90	224
3553	93	225
3554	94	224
3555	95	224
3556	98	224
3557	99	224
3558	101	224
3559	102	224
3560	104	224
3561	105	223
3562	106	224
3563	107	223
3564	109	224
3565	110	224
3566	111	223
3567	112	223
3568	113	223
3569	113	223
3570	115	223
3571	115	223
3572	116	223
3573	116	223
3574	117	222
3575	117	222
3576	117	222
3577	117	222
3578	118	222
3579	117	222
3580	118	222
3581	118	222
3582	118	222
3583	117	221
3584	117	221
3585	117	221
3586	116	222
3587	115	221
3588	115	221
3589	114	221
3590	113	221
3591	113	220
3592	112	221
3593	111	220
3594	110	220
3595	109	221
3596	108	220
3597	106	220
3598	105	220
3599	104	220
3600	103	220
3601	102	220
3602	100	220
3603	99	219
3604	97	220
3605	96	219
3606	95	220
3607	93	220
3608	91	219
3609	89	219
3610	88	219
3611	86	219
3612	85	219
3613	83	219
3614	81	219
3615	79	219
3616	78	219
3617	76	219
3618	74	219
3619	72	219
3620	70	219
3621	68	219
3622	66	219
3623	65	219
3624	63	219
3625	62	220
3626	60	219
3627	58	219
3628	57	220
3629	55	219
3630	53	219
3631	52	219
3632	50	220
3633	49	220
3634	47	219
3635	45	220
3636	44	220
3637	43	220
3638	41	219
3639	40	220
3640	39	219
3641	37	219
3642	37	220
3643	35	219
3644	34	220
3645	33	220
3646	33	220
3647	31	220
3648	31	220
3649	30	220
3650	29	220
3651	29	220
3652	27	220
3653	27	221
3654	27	220
3655	27	220
3656	27	220
3657	26	221
3658	26	221
3659	25	221
3660	25	221
3661	25	221
3662	25	221
3663	25	221
3664	25	222
3665	25	221
3666	26	222
3667	27	222
3668	27	222
3669	28	223
3670	27	222
3671	28	222
3672	29	222
3673	29	223
3674	29	222
3675	30	223
3676	31	223
3677	32	222
3678	33	223
3679	34	223
3680	35	223
3681	36	223
3682	37	223
3683	37	223
3684	39	222
3685	40	223
3686	41	223
3687	42	223
3688	44	223
3689	45	223
3690	46	224
3691	48	223
3692	49	223
3693	50	223
3694	51	223
3695	53	224
3696	54	223
3697	55	223
3698	57	223
3699	59	224
3700	59	223
3701	61	223
3702	62	223
3703	64	223
3704	65	223
3705	66	224
3706	67	223
3707	69	224
3708	71	223
3709	72	223
3710	73	223
3711	74	223
3712	76	223
3713	77	223
3714	78	223
3715	79	223
3716	80	223
3717	81	224
3718	83	224
3719	84	223
3720	85	223
3721	86	223
3722	87	223
3723	88	223
3724	89	223
3725	89	223
3726	90	223
3727	91	223
3728	91	223
3729	93	223
3730	93	223
3731	94	223
3732	94	223
3733	95	223
3734	95	223
3735	96	222
3736	96	222
3737	96	222
3738	97	222
3739	96	222
3740	97	222
3741	97	222
3742	97	222
3743	97	222
3744	97	222
3745	97	222
3746	97	222
3747	96	221
3748	96	221
3749	96	221
3750	95	221
3751	95	222
3752	95	221
3753	95	221
3754	94	221
3755	93	222
3756	93	221
3757	93	221
3758	92	221
3759	91	221
3760	91	221
3761	90	221
3762	89	220
3763	89	220
3764	88	221
3765	87	221
3766	86	220
3767	85	221
3768	85	220
3769	83	220
3770	83	220
3771	81	220
3772	81	220
3773	79	220
3774	79	220
3775	77	220
3776	76	220
3777	75	220
3778	74	220
3779	73	220
3780	72	220
3781	71	220
3782	70	220
3783	69	220
3784	68	220
3785	66	220
3786	66	220
3787	65	220
3788	64	220
3789	62	220
3790	61	220
3791	60	220
3792	59	220
3793	58	220
3794	57	220
3795	56	220
3796	56	220
3797	55	220
3798	54	220
3799	53	220
3800	52	220
3801	51	220
3802	51	220
3803	50	220
3804	49	220
3805	48	220
3806	48	221
3807	47	220
3808	47	220
3809	46	220
3810	45	221
3811	45	220
3812	44	221
3813	43	221
3814	43	220
3815	43	221
3816	43	221
3817	43	221
3818	42	221
3819	41	221
3820	42	221
3821	42	221
3822	41	222
3823	41	221
3824	41	221
3825	41	221
3826	42	222
3827	41	222
3828	42	221
3829	41	222
3830	42	222
3831	42	222
3832	42	222
3833	42	222
3834	43	222
3835	43	222
3836	44	222
3837	44	222
3838	44	222
3839	45	222
3840	45	222
3841	46	222
3842	47	222
3843	47	223
3844	47	222
3845	48	223
3846	49	222
3847	49	222
3848	50	222
3849	51	223
3850	52	223
3851	52	223
3852	53	223
3853	54	223
3854	55	223
3855	55	223
3856	56	223
3857	57	223
3858	58	223
3859	59	223
3860	60	223
3861	61	223
3862	61	223
3863	62	223
3864	63	223
3865	64	223
3866	65	223
3867	65	223
3868	66	223
3869	67	223
3870	68	223
3871	69	223
3872	70	223
3873	70	223
3874	71	223
3875	72	223
3876	73	223
3877	73	223
3878	74	223
3879	75	223
3880	76	223
3881	77	223
3882	77	222
3883	77	223
3884	78	222
3885	78	223
3886	79	223
3887	80	222
3888	80	222
3889	81	223
3890	81	223
3891	82	222
3892	83	223
3893	83	222
3894	83	222
3895	83	222
3896	83	222
3897	84	222
3898	84	222
3899	84	222
3900	85	222
3901	85	222
3902	84	222
3903	84	222
3904	84	222
3905	85	222
3906	85	222
3907	85	222
3908	85	222
3909	85	222
3910	85	222
3911	84	222
3912	84	222
3913	84	222
3914	84	222
3915	83	222
3916	83	221
3917	83	221
3918	83	221
3919	82	221
3920	82	221
3921	81	221
3922	81	222
3923	81	221
3924	80	221
3925	79	221
3926	79	221
3927	79	221
3928	79	221
3929	78	220
3930	77	221
3931	77	221
3932	76	220
3933	76	221
3934	75	221
3935	74	220
3936	73	220
3937	73	221
3938	72	221
3939	71	221
3940	70	220
3941	70	221
3942	69	221
3943	69	221
3944	68	221
3945	68	221
3946	67	221
3947	66	221
3948	65	220
3949	65	221
3950	64	221
3951	64	220
3952	63	220
3953	62	221
3954	61	220
3955	61	221
3956	61	221
3957	60	221
3958	60	221
3959	59	221
3960	58	221
3961	57	221
3962	57	221
3963	57	221
3964	56	221
3965	56	221
3966	55	221
3967	55	221
3968	55	221
3969	54	221
3970	53	221
3971	54	221
3972	53	221
3973	53	221
3974	53	221
3975	53	221
3976	52	221
3977	52	221
3978	51	222
3979	52	222
3980	51	221
3981	51	221
3982	51	221
3983	51	221
3984	51	222
3985	51	221
3986	51	222
3987	51	221
3988	51	221
3989	51	221
3990	51	222
3991	51	222
3992	51	222
3993	52	221
3994	51	222
3995	52	222
3996	52	221
3997	53	222
3998	52	222
3999	52	222
4000	53	222
4001	53	222
4002	53	222
4003	54	222
4004	54	222
4005	54	222
4006	55	222
4007	55	223
4008	56	222
4009	56	222
4010	57	222
4011	57	222
4012	57	222
4013	58	222
4014	59	222
4015	59	222
4016	59	222
4017	60	222
4018	60	222
4019	61	222
4020	61	222
4021	62	222
4022	62	223
4023	63	223
4024	63	222
4025	64	222
4026	64	222
4027	65	222
4028	65	223
4029	66	222
4030	66	222
4031	67	222
4032	67	222
4033	67	222
4034	68	222
4035	69	223
4036	69	222
4037	69	222
4038	71	222
4039	71	223
4040	71	222
4041	72	222
4042	72	223
4043	72	222
4044	73	222
4045	73	222
4046	73	222
4047	74	222
4048	74	222
4049	75	222
4050	75	222
4051	75	222
4052	76	222
4053	76	222
4054	76	222
4055	76	222
4056	77	222
4057	77	222
4058	77	222
4059	77	222
4060	77	222
4061	77	222
4062	78	222
4063	77	222
4064	77	222
4065	77	222
4066	77	222
4067	77	222
4068	78	222
4069	77	222
4070	77	221
4071	77	222
4072	77	221
4073	77	222
4074	77	222
4075	77	222
4076	76	221
4077	77	222
4078	76	221
4079	76	221
4080	77	222
4081	76	221
4082	75	221
4083	75	222
4084	75	222
4085	75	222
4086	74	221
4087	74	221
4088	74	221
4089	73	221
4090	73	221
4091	73	221
4092	73	221
4093	72	221
4094	71	221
4095	72	221
