
TIME STEP:
125 = 50us

VOLTAGE STEP:
CH1:  32 = 0.1V
CH2:  32 = 0.1V
GND	153	110
N	CH1	CH2

0	25	23
1	25	23
2	25	24
3	25	24
4	25	23
5	25	24
6	25	23
7	25	23
8	25	23
9	25	23
10	25	23
11	25	23
12	25	23
13	25	23
14	25	24
15	25	23
16	25	24
17	25	23
18	25	23
19	25	23
20	26	24
21	25	23
22	25	23
23	25	23
24	25	23
25	25	24
26	25	23
27	25	23
28	25	23
29	25	24
30	25	23
31	25	23
32	25	23
33	25	23
34	25	23
35	25	23
36	24	23
37	25	24
38	25	23
39	25	23
40	26	23
41	25	23
42	25	23
43	25	23
44	25	23
45	25	23
46	25	23
47	25	23
48	25	23
49	25	23
50	26	23
51	25	23
52	26	24
53	25	23
54	25	23
55	25	24
56	25	23
57	25	23
58	25	23
59	26	23
60	25	23
61	29	22
62	25	23
63	25	23
64	25	23
65	25	23
66	25	23
67	25	23
68	25	23
69	25	23
70	25	24
71	25	23
72	25	23
73	25	23
74	25	23
75	25	23
76	25	24
77	24	23
78	25	23
79	25	23
80	25	23
81	26	23
82	25	23
83	25	23
84	26	24
85	25	23
86	24	23
87	25	23
88	25	23
89	25	23
90	25	23
91	25	23
92	25	23
93	25	23
94	25	23
95	25	23
96	25	24
97	25	23
98	25	23
99	25	23
100	25	23
101	25	23
102	25	23
103	25	23
104	25	24
105	25	23
106	25	23
107	25	23
108	25	23
109	25	23
110	25	23
111	24	23
112	25	23
113	24	23
114	25	23
115	25	23
116	27	24
117	25	23
118	25	23
119	25	23
120	25	23
121	25	23
122	25	23
123	25	23
124	25	23
125	24	23
126	25	23
127	25	23
128	25	24
129	25	23
130	25	23
131	24	23
132	25	23
133	25	23
134	25	23
135	25	23
136	25	23
137	33	24
138	25	23
139	33	21
140	25	23
141	25	24
142	25	23
143	25	23
144	25	23
145	25	23
146	25	23
147	25	23
148	26	23
149	25	23
150	25	23
151	25	22
152	25	23
153	25	23
154	25	23
155	25	23
156	25	23
157	25	23
158	25	23
159	25	23
160	25	23
161	25	23
162	25	23
163	25	23
164	25	23
165	25	23
166	24	23
167	25	23
168	25	23
169	25	23
170	25	23
171	25	23
172	25	23
173	25	23
174	24	22
175	25	23
176	25	22
177	25	23
178	25	23
179	26	24
180	26	24
181	25	23
182	25	24
183	25	23
184	25	23
185	25	23
186	25	23
187	25	23
188	25	23
189	25	23
190	25	23
191	25	24
192	25	23
193	25	23
194	25	23
195	25	23
196	25	23
197	25	23
198	25	23
199	25	23
200	25	23
201	25	23
202	25	23
203	25	23
204	24	23
205	25	24
206	25	23
207	25	23
208	25	23
209	25	23
210	25	23
211	25	23
212	26	23
213	25	23
214	25	23
215	23	23
216	25	23
217	33	23
218	25	23
219	25	23
220	25	23
221	25	23
222	25	23
223	25	23
224	25	23
225	25	23
226	25	23
227	25	23
228	25	22
229	25	23
230	25	23
231	25	23
232	25	23
233	25	23
234	25	23
235	25	23
236	25	23
237	25	23
238	25	23
239	25	23
240	25	23
241	25	23
242	25	23
243	24	23
244	26	24
245	24	22
246	25	23
247	25	24
248	25	23
249	25	23
250	25	23
251	25	23
252	25	23
253	25	22
254	25	23
255	25	23
256	25	23
257	25	23
258	25	23
259	25	23
260	25	23
261	25	23
262	25	23
263	25	23
264	25	23
265	24	23
266	25	23
267	25	23
268	25	23
269	25	23
270	25	23
271	25	23
272	25	23
273	25	23
274	25	23
275	25	23
276	26	23
277	25	23
278	25	23
279	25	23
280	25	23
281	25	23
282	25	23
283	25	23
284	25	23
285	25	23
286	24	23
287	25	23
288	25	23
289	25	23
290	25	23
291	25	23
292	25	23
293	25	23
294	25	23
295	25	26
296	25	23
297	25	23
298	24	22
299	25	23
300	25	23
301	25	23
302	25	23
303	25	23
304	24	23
305	25	23
306	25	23
307	25	23
308	26	24
309	25	23
310	25	23
311	25	23
312	25	23
313	25	23
314	25	23
315	25	23
316	25	23
317	25	23
318	25	23
319	25	23
320	25	23
321	25	23
322	25	23
323	25	23
324	25	23
325	25	23
326	25	23
327	25	23
328	24	23
329	25	23
330	25	23
331	25	23
332	25	23
333	25	23
334	25	23
335	24	23
336	24	24
337	24	23
338	25	23
339	24	22
340	26	23
341	25	23
342	25	23
343	25	23
344	25	23
345	24	23
346	25	23
347	25	23
348	25	23
349	24	23
350	25	23
351	25	23
352	25	23
353	25	23
354	25	23
355	24	23
356	25	23
357	25	23
358	25	23
359	25	23
360	25	24
361	25	23
362	25	23
363	25	23
364	25	23
365	25	23
366	25	23
367	24	23
368	25	22
369	24	23
370	25	23
371	25	23
372	26	24
373	18	23
374	27	22
375	25	23
376	25	23
377	25	23
378	24	22
379	25	23
380	25	22
381	25	23
382	25	23
383	25	23
384	25	23
385	25	23
386	25	23
387	25	23
388	25	23
389	25	23
390	25	23
391	25	23
392	25	23
393	24	23
394	25	23
395	24	23
396	25	23
397	25	23
398	25	23
399	25	23
400	25	23
401	25	24
402	25	23
403	25	23
404	25	23
405	24	23
406	25	23
407	25	23
408	25	23
409	25	23
410	25	23
411	25	23
412	25	23
413	24	23
414	24	23
415	25	23
416	24	23
417	25	23
418	23	23
419	25	23
420	24	23
421	25	22
422	25	23
423	25	23
424	25	22
425	25	23
426	25	23
427	25	23
428	25	23
429	25	23
430	25	23
431	24	23
432	25	23
433	25	23
434	25	23
435	25	23
436	25	23
437	25	23
438	25	23
439	25	23
440	25	23
441	24	23
442	24	23
443	25	22
444	25	23
445	25	23
446	24	23
447	25	23
448	25	23
449	25	23
450	25	23
451	23	23
452	28	23
453	24	23
454	25	23
455	24	23
456	24	23
457	24	23
458	25	23
459	25	23
460	25	23
461	25	23
462	25	23
463	25	23
464	24	23
465	25	23
466	25	23
467	25	23
468	26	23
469	24	22
470	25	23
471	25	23
472	25	23
473	25	23
474	25	23
475	24	23
476	25	23
477	24	23
478	25	23
479	24	23
480	25	23
481	25	23
482	24	22
483	24	23
484	25	23
485	25	23
486	24	23
487	25	23
488	25	23
489	25	23
490	25	23
491	24	23
492	25	23
493	24	23
494	25	23
495	25	23
496	25	23
497	25	23
498	25	23
499	24	23
500	26	23
501	25	23
502	24	23
503	25	23
504	25	23
505	24	23
506	25	23
507	25	23
508	25	23
509	25	23
510	24	22
511	25	23
512	25	23
513	25	23
514	25	23
515	25	23
516	25	23
517	25	22
518	25	22
519	25	23
520	25	23
521	25	23
522	24	23
523	25	22
524	25	23
525	25	23
526	24	23
527	25	23
528	25	22
529	25	23
530	28	23
531	25	22
532	25	23
533	25	23
534	24	23
535	25	23
536	25	23
537	25	23
538	25	23
539	25	23
540	25	23
541	25	23
542	25	23
543	25	23
544	25	23
545	25	23
546	23	22
547	25	23
548	25	22
549	24	23
550	25	23
551	25	23
552	25	23
553	25	23
554	25	22
555	24	23
556	24	23
557	25	23
558	25	23
559	25	22
560	25	23
561	25	23
562	24	23
563	25	23
564	26	23
565	25	23
566	25	23
567	24	23
568	25	23
569	25	23
570	25	23
571	25	23
572	24	22
573	25	23
574	25	23
575	25	23
576	25	23
577	25	23
578	25	23
579	24	23
580	25	23
581	24	23
582	25	23
583	25	23
584	25	23
585	25	23
586	24	23
587	25	22
588	25	23
589	25	23
590	25	23
591	25	23
592	25	23
593	25	23
594	25	23
595	25	23
596	25	23
597	24	23
598	25	23
599	25	23
600	25	23
601	25	23
602	25	23
603	24	23
604	25	23
605	25	23
606	25	22
607	25	23
608	25	22
609	25	23
610	25	23
611	25	23
612	25	23
613	25	22
614	25	23
615	25	23
616	25	23
617	25	23
618	25	23
619	25	23
620	24	23
621	25	23
622	25	23
623	25	23
624	25	23
625	24	22
626	25	23
627	25	23
628	26	23
629	24	23
630	25	23
631	25	23
632	24	23
633	25	23
634	25	23
635	25	23
636	25	23
637	25	23
638	24	23
639	25	23
640	25	23
641	25	23
642	25	23
643	25	23
644	24	23
645	25	23
646	25	23
647	24	22
648	24	23
649	25	22
650	25	23
651	25	23
652	25	23
653	24	23
654	24	23
655	25	23
656	25	23
657	25	23
658	25	23
659	24	23
660	25	23
661	24	22
662	25	22
663	25	23
664	25	23
665	24	23
666	25	23
667	25	23
668	25	23
669	25	23
670	24	23
671	25	23
672	25	23
673	24	23
674	25	23
675	25	23
676	24	23
677	25	23
678	25	22
679	25	23
680	25	23
681	25	23
682	24	23
683	25	23
684	25	23
685	25	23
686	21	24
687	25	23
688	24	22
689	24	23
690	25	23
691	25	23
692	26	23
693	24	23
694	25	23
695	25	23
696	25	23
697	25	23
698	25	23
699	24	23
700	25	23
701	25	23
702	24	22
703	24	23
704	25	23
705	24	23
706	25	23
707	24	23
708	25	23
709	25	23
710	25	23
711	24	22
712	25	23
713	25	23
714	25	22
715	25	23
716	25	23
717	24	23
718	25	24
719	24	23
720	25	23
721	24	23
722	25	23
723	25	23
724	25	23
725	25	23
726	25	23
727	25	23
728	25	23
729	25	23
730	25	23
731	25	23
732	25	23
733	25	23
734	25	23
735	25	23
736	25	23
737	25	23
738	24	23
739	25	23
740	25	22
741	25	23
742	25	23
743	25	22
744	24	23
745	25	23
746	25	23
747	25	23
748	25	23
749	25	23
750	25	22
751	25	23
752	25	23
753	25	23
754	25	23
755	25	23
756	25	23
757	25	23
758	23	23
759	25	23
760	25	23
761	25	23
762	24	23
763	25	23
764	17	25
765	25	22
766	24	23
767	25	23
768	25	23
769	25	23
770	25	23
771	25	23
772	25	23
773	25	23
774	25	23
775	24	23
776	23	23
777	25	23
778	25	23
779	25	23
780	25	23
781	25	23
782	24	23
783	25	23
784	25	23
785	25	23
786	25	23
787	25	23
788	25	23
789	25	23
790	23	23
791	25	23
792	25	23
793	24	23
794	25	23
795	25	23
796	25	23
797	25	23
798	25	23
799	24	23
800	24	23
801	25	23
802	25	23
803	24	23
804	24	23
805	25	23
806	24	23
807	24	23
808	25	23
809	24	23
810	25	23
811	25	23
812	25	23
813	24	23
814	24	23
815	25	23
816	25	23
817	24	23
818	25	24
819	25	23
820	25	23
821	24	23
822	25	23
823	24	23
824	25	23
825	24	23
826	25	23
827	24	23
828	25	23
829	25	22
830	25	23
831	24	23
832	25	23
833	25	24
834	25	23
835	25	23
836	25	23
837	25	23
838	25	23
839	24	23
840	25	22
841	24	23
842	18	23
843	25	23
844	25	23
845	25	23
846	25	23
847	24	23
848	24	23
849	25	23
850	24	23
851	24	23
852	26	23
853	25	23
854	25	24
855	25	23
856	25	23
857	25	23
858	24	23
859	25	23
860	25	23
861	24	23
862	24	23
863	24	23
864	25	23
865	25	23
866	25	23
867	25	23
868	25	23
869	25	23
870	25	23
871	25	23
872	24	23
873	25	23
874	24	23
875	25	23
876	25	23
877	25	23
878	24	23
879	25	23
880	24	22
881	25	22
882	25	23
883	24	23
884	26	24
885	25	22
886	25	23
887	25	23
888	24	23
889	25	23
890	25	23
891	25	23
892	23	23
893	25	23
894	25	23
895	25	23
896	25	22
897	25	23
898	25	23
899	25	23
900	24	23
901	25	23
902	25	23
903	23	23
904	24	23
905	24	22
906	24	23
907	25	23
908	25	23
909	25	23
910	24	23
911	25	23
912	25	23
913	24	23
914	24	23
915	24	23
916	29	21
917	24	23
918	25	23
919	25	23
920	23	22
921	22	23
922	25	23
923	24	23
924	25	23
925	25	23
926	25	23
927	25	23
928	25	23
929	24	22
930	25	23
931	24	23
932	25	22
933	24	22
934	25	23
935	25	23
936	25	23
937	25	23
938	25	23
939	24	23
940	25	23
941	24	23
942	25	23
943	24	22
944	24	23
945	25	23
946	25	23
947	25	23
948	26	23
949	25	23
950	25	23
951	25	23
952	24	23
953	24	23
954	25	23
955	25	23
956	24	23
957	25	23
958	24	23
959	24	23
960	25	23
961	25	23
962	22	23
963	25	23
964	24	23
965	25	22
966	25	23
967	24	23
968	25	23
969	24	23
970	24	23
971	24	23
972	25	23
973	24	23
974	25	23
975	25	23
976	24	23
977	25	23
978	25	23
979	25	22
980	25	23
981	25	23
982	23	22
983	24	23
984	25	23
985	25	23
986	25	23
987	25	23
988	24	24
989	25	23
990	24	23
991	25	23
992	24	23
993	25	23
994	23	23
995	25	22
996	25	23
997	24	23
998	25	23
999	23	23
1000	24	23
1001	25	23
1002	24	23
1003	24	23
1004	25	23
1005	23	23
1006	24	23
1007	25	23
1008	25	22
1009	25	23
1010	25	23
1011	25	23
1012	25	23
1013	25	22
1014	25	23
1015	25	22
1016	25	23
1017	24	42
1018	25	163
1019	25	203
1020	25	210
1021	25	209
1022	25	208
1023	25	208
1024	25	208
1025	18	206
1026	25	207
1027	26	207
1028	26	207
1029	25	206
1030	26	207
1031	25	206
1032	26	206
1033	25	205
1034	26	205
1035	26	205
1036	27	205
1037	28	205
1038	27	205
1039	28	205
1040	27	205
1041	27	205
1042	28	204
1043	28	205
1044	29	205
1045	28	205
1046	29	204
1047	29	204
1048	29	205
1049	29	204
1050	29	205
1051	29	204
1052	29	205
1053	30	204
1054	29	204
1055	30	204
1056	30	204
1057	30	205
1058	30	204
1059	30	204
1060	30	205
1061	30	204
1062	37	205
1063	31	204
1064	31	205
1065	30	205
1066	32	205
1067	32	204
1068	32	205
1069	31	204
1070	33	205
1071	33	205
1072	32	205
1073	33	205
1074	33	205
1075	33	205
1076	34	205
1077	30	205
1078	34	205
1079	34	205
1080	33	205
1081	33	205
1082	33	205
1083	34	205
1084	33	205
1085	34	205
1086	34	205
1087	34	205
1088	34	205
1089	34	205
1090	34	205
1091	34	205
1092	34	206
1093	36	205
1094	36	205
1095	36	205
1096	36	205
1097	36	205
1098	36	205
1099	37	205
1100	37	206
1101	37	206
1102	37	205
1103	36	205
1104	37	206
1105	37	205
1106	37	205
1107	37	205
1108	38	206
1109	38	205
1110	37	205
1111	38	205
1112	38	206
1113	38	205
1114	38	206
1115	38	205
1116	38	206
1117	39	205
1118	39	206
1119	39	206
1120	39	206
1121	39	206
1122	39	206
1123	40	205
1124	41	206
1125	40	206
1126	41	206
1127	41	206
1128	41	206
1129	41	206
1130	41	206
1131	41	206
1132	41	206
1133	41	206
1134	41	207
1135	41	206
1136	42	206
1137	41	206
1138	42	206
1139	42	206
1140	45	206
1141	41	206
1142	42	207
1143	42	206
1144	43	206
1145	42	207
1146	43	206
1147	42	205
1148	43	206
1149	42	206
1150	43	206
1151	44	206
1152	43	206
1153	44	207
1154	44	206
1155	40	207
1156	45	206
1157	44	206
1158	45	206
1159	45	207
1160	45	207
1161	45	206
1162	45	206
1163	45	206
1164	45	206
1165	45	207
1166	46	207
1167	46	207
1168	46	207
1169	47	207
1170	47	207
1171	46	207
1172	49	207
1173	46	207
1174	46	206
1175	46	206
1176	48	207
1177	48	207
1178	47	207
1179	48	207
1180	48	206
1181	49	207
1182	48	206
1183	48	207
1184	49	207
1185	48	206
1186	49	207
1187	49	206
1188	49	207
1189	49	206
1190	49	207
1191	49	207
1192	49	207
1193	50	207
1194	49	207
1195	50	206
1196	50	207
1197	50	207
1198	50	206
1199	50	206
1200	50	206
1201	50	207
1202	51	207
1203	52	207
1204	53	207
1205	52	207
1206	51	207
1207	52	207
1208	52	207
1209	51	206
1210	53	207
1211	53	207
1212	51	206
1213	53	206
1214	52	207
1215	53	206
1216	53	207
1217	54	207
1218	53	207
1219	53	207
1220	53	207
1221	54	207
1222	53	207
1223	54	207
1224	53	207
1225	54	206
1226	54	206
1227	54	207
1228	55	207
1229	55	207
1230	54	207
1231	56	207
1232	55	207
1233	54	208
1234	56	207
1235	55	206
1236	57	207
1237	55	207
1238	57	207
1239	56	207
1240	56	207
1241	56	207
1242	54	207
1243	57	207
1244	57	207
1245	57	207
1246	57	207
1247	57	207
1248	57	207
1249	57	207
1250	57	206
1251	57	207
1252	57	207
1253	57	207
1254	58	207
1255	58	207
1256	58	207
1257	57	207
1258	58	207
1259	58	207
1260	58	207
1261	58	207
1262	59	207
1263	58	207
1264	59	207
1265	58	207
1266	60	207
1267	59	207
1268	61	207
1269	61	207
1270	61	208
1271	59	207
1272	61	207
1273	61	207
1274	61	207
1275	61	207
1276	61	207
1277	61	207
1278	61	207
1279	61	207
1280	61	207
1281	61	208
1282	61	207
1283	61	207
1284	61	207
1285	61	207
1286	62	207
1287	62	207
1288	62	207
1289	62	207
1290	62	207
1291	62	207
1292	62	207
1293	62	208
1294	63	206
1295	62	207
1296	62	207
1297	65	207
1298	63	207
1299	62	207
1300	65	208
1301	63	207
1302	64	207
1303	65	207
1304	65	207
1305	65	208
1306	65	207
1307	65	208
1308	65	207
1309	65	207
1310	65	208
1311	65	206
1312	65	207
1313	65	207
1314	65	208
1315	65	207
1316	65	207
1317	66	207
1318	65	208
1319	65	208
1320	66	208
1321	66	207
1322	66	208
1323	66	208
1324	66	207
1325	66	208
1326	66	208
1327	66	207
1328	66	207
1329	66	207
1330	67	208
1331	68	208
1332	69	207
1333	68	208
1334	67	207
1335	68	207
1336	68	207
1337	69	207
1338	69	208
1339	69	207
1340	67	207
1341	69	208
1342	69	208
1343	69	208
1344	69	208
1345	69	208
1346	69	208
1347	69	207
1348	70	208
1349	69	208
1350	69	207
1351	70	208
1352	69	208
1353	70	207
1354	70	208
1355	71	208
1356	70	208
1357	70	208
1358	71	208
1359	70	207
1360	71	208
1361	71	208
1362	71	208
1363	72	208
1364	73	208
1365	72	207
1366	73	208
1367	72	208
1368	72	207
1369	71	208
1370	73	208
1371	73	208
1372	73	208
1373	73	208
1374	73	208
1375	73	208
1376	73	208
1377	73	208
1378	73	207
1379	73	208
1380	73	208
1381	73	208
1382	73	208
1383	74	208
1384	73	207
1385	73	208
1386	74	208
1387	74	208
1388	74	208
1389	76	205
1390	74	208
1391	73	208
1392	74	208
1393	74	208
1394	75	207
1395	75	208
1396	77	209
1397	74	208
1398	75	208
1399	74	208
1400	76	208
1401	75	208
1402	76	208
1403	76	208
1404	77	208
1405	76	208
1406	77	208
1407	76	208
1408	77	208
1409	77	208
1410	77	208
1411	77	208
1412	77	208
1413	77	208
1414	77	208
1415	77	208
1416	77	208
1417	77	208
1418	77	208
1419	78	208
1420	78	208
1421	78	209
1422	78	208
1423	78	208
1424	79	208
1425	77	207
1426	78	208
1427	78	208
1428	81	209
1429	78	208
1430	78	208
1431	78	208
1432	79	208
1433	79	208
1434	79	209
1435	80	208
1436	80	208
1437	81	208
1438	79	208
1439	80	208
1440	80	209
1441	81	208
1442	80	208
1443	80	208
1444	80	208
1445	81	209
1446	81	208
1447	81	208
1448	79	208
1449	81	208
1450	81	208
1451	82	208
1452	81	209
1453	81	208
1454	81	208
1455	82	208
1456	81	208
1457	82	208
1458	82	209
1459	82	209
1460	83	209
1461	82	209
1462	84	209
1463	83	209
1464	82	208
1465	84	209
1466	82	208
1467	88	207
1468	82	208
1469	83	208
1470	82	208
1471	83	208
1472	84	209
1473	85	208
1474	85	208
1475	83	208
1476	85	208
1477	84	209
1478	85	209
1479	85	208
1480	85	208
1481	85	209
1482	85	209
1483	85	208
1484	85	209
1485	85	209
1486	85	209
1487	85	209
1488	86	209
1489	85	208
1490	85	209
1491	86	208
1492	88	209
1493	85	209
1494	86	209
1495	85	208
1496	86	209
1497	86	209
1498	86	208
1499	86	209
1500	86	208
1501	86	209
1502	86	209
1503	86	209
1504	87	209
1505	87	209
1506	89	209
1507	86	208
1508	87	208
1509	88	209
1510	87	209
1511	88	209
1512	88	209
1513	88	209
1514	89	209
1515	88	209
1516	89	209
1517	89	209
1518	88	208
1519	89	209
1520	89	209
1521	89	208
1522	89	209
1523	89	209
1524	90	209
1525	89	209
1526	89	209
1527	89	209
1528	90	209
1529	90	209
1530	89	208
1531	89	208
1532	90	209
1533	90	208
1534	90	209
1535	90	209
1536	90	209
1537	90	209
1538	90	209
1539	90	209
1540	90	209
1541	90	209
1542	91	209
1543	90	209
1544	90	209
1545	96	210
1546	89	208
1547	91	209
1548	92	209
1549	93	209
1550	92	209
1551	91	209
1552	93	209
1553	93	209
1554	92	209
1555	93	209
1556	93	209
1557	93	209
1558	92	209
1559	93	209
1560	93	209
1561	93	209
1562	93	209
1563	94	209
1564	93	210
1565	93	209
1566	93	209
1567	94	209
1568	93	209
1569	93	209
1570	94	209
1571	93	209
1572	94	209
1573	94	209
1574	94	209
1575	94	209
1576	94	209
1577	94	209
1578	94	209
1579	94	209
1580	94	209
1581	94	209
1582	94	209
1583	94	209
1584	94	209
1585	95	209
1586	95	209
1587	95	209
1588	96	210
1589	96	209
1590	97	209
1591	96	209
1592	96	209
1593	96	210
1594	97	210
1595	96	209
1596	97	210
1597	97	209
1598	97	209
1599	97	209
1600	96	209
1601	97	209
1602	97	209
1603	97	210
1604	98	209
1605	97	209
1606	97	209
1607	97	210
1608	98	209
1609	97	209
1610	97	209
1611	97	209
1612	98	209
1613	98	209
1614	98	209
1615	98	210
1616	99	210
1617	98	210
1618	98	209
1619	98	209
1620	100	209
1621	98	209
1622	98	209
1623	98	209
1624	98	209
1625	98	209
1626	99	209
1627	99	210
1628	99	209
1629	98	210
1630	99	210
1631	100	210
1632	100	209
1633	100	209
1634	100	209
1635	100	209
1636	100	209
1637	100	210
1638	101	210
1639	101	209
1640	100	209
1641	101	209
1642	101	209
1643	101	210
1644	101	210
1645	102	210
1646	101	210
1647	101	209
1648	101	209
1649	101	210
1650	101	209
1651	101	211
1652	103	211
1653	102	209
1654	102	210
1655	102	210
1656	102	210
1657	102	210
1658	101	210
1659	102	209
1660	102	209
1661	102	209
1662	103	210
1663	103	210
1664	104	210
1665	104	210
1666	102	209
1667	102	210
1668	102	209
1669	103	210
1670	102	210
1671	104	210
1672	103	210
1673	104	210
1674	105	209
1675	103	209
1676	104	210
1677	105	209
1678	103	211
1679	105	210
1680	104	211
1681	105	210
1682	105	210
1683	105	210
1684	106	211
1685	105	210
1686	105	211
1687	105	210
1688	105	210
1689	105	210
1690	105	211
1691	106	210
1692	105	210
1693	105	210
1694	106	211
1695	106	210
1696	105	210
1697	105	210
1698	106	210
1699	105	209
1700	106	210
1701	105	210
1702	109	209
1703	106	211
1704	106	210
1705	107	211
1706	106	210
1707	106	210
1708	106	209
1709	106	210
1710	107	210
1711	107	210
1712	107	211
1713	107	210
1714	107	210
1715	108	211
1716	109	211
1717	107	211
1718	108	211
1719	107	211
1720	108	210
1721	109	211
1722	108	210
1723	109	210
1724	109	210
1725	109	210
1726	109	210
1727	108	211
1728	109	211
1729	109	211
1730	109	210
1731	107	211
1732	109	211
1733	109	210
1734	109	211
1735	110	211
1736	109	210
1737	109	211
1738	109	211
1739	109	211
1740	110	211
1741	110	211
1742	109	210
1743	110	210
1744	110	211
1745	110	211
1746	111	211
1747	110	211
1748	112	211
1749	110	210
1750	110	209
1751	111	211
1752	111	210
1753	110	211
1754	111	211
1755	111	211
1756	112	211
1757	111	210
1758	112	210
1759	112	211
1760	111	210
1761	111	211
1762	112	211
1763	113	210
1764	113	211
1765	113	211
1766	113	211
1767	113	211
1768	112	211
1769	113	211
1770	112	210
1771	113	211
1772	112	211
1773	113	210
1774	113	211
1775	113	211
1776	113	211
1777	113	211
1778	113	211
1779	114	211
1780	118	209
1781	113	211
1782	114	212
1783	113	210
1784	113	210
1785	114	211
1786	113	211
1787	114	211
1788	113	211
1789	114	210
1790	114	211
1791	114	211
1792	114	211
1793	114	211
1794	114	211
1795	114	211
1796	114	210
1797	114	211
1798	114	211
1799	114	211
1800	114	211
1801	115	211
1802	114	211
1803	116	211
1804	116	211
1805	115	211
1806	114	211
1807	116	211
1808	116	212
1809	116	211
1810	115	211
1811	116	211
1812	118	211
1813	115	211
1814	116	211
1815	117	211
1816	117	211
1817	117	211
1818	117	211
1819	117	211
1820	117	212
1821	117	211
1822	117	211
1823	117	211
1824	117	211
1825	117	211
1826	117	211
1827	117	211
1828	117	211
1829	117	211
1830	117	212
1831	118	211
1832	118	212
1833	118	211
1834	118	211
1835	118	212
1836	118	211
1837	117	211
1838	118	212
1839	118	210
1840	118	211
1841	118	211
1842	118	211
1843	118	211
1844	121	212
1845	118	211
1846	118	211
1847	117	211
1848	118	211
1849	119	211
1850	119	212
1851	118	212
1852	118	211
1853	119	211
1854	119	211
1855	120	212
1856	121	212
1857	120	212
1858	125	210
1859	119	211
1860	121	211
1861	121	212
1862	120	211
1863	121	211
1864	121	212
1865	121	211
1866	121	211
1867	120	211
1868	121	211
1869	120	212
1870	120	211
1871	121	212
1872	121	211
1873	121	211
1874	121	212
1875	121	211
1876	122	212
1877	121	211
1878	121	211
1879	121	212
1880	121	211
1881	122	211
1882	121	212
1883	121	212
1884	122	211
1885	121	212
1886	122	212
1887	121	211
1888	121	212
1889	122	212
1890	121	211
1891	122	211
1892	122	212
1893	122	211
1894	122	212
1895	122	211
1896	122	212
1897	122	212
1898	123	211
1899	123	212
1900	122	211
1901	123	212
1902	122	212
1903	123	211
1904	123	211
1905	123	211
1906	124	211
1907	125	212
1908	125	212
1909	125	212
1910	122	212
1911	123	211
1912	123	211
1913	125	212
1914	125	212
1915	125	213
1916	124	212
1917	123	212
1918	124	212
1919	125	212
1920	125	212
1921	125	211
1922	124	212
1923	125	212
1924	125	212
1925	125	212
1926	125	212
1927	125	212
1928	125	211
1929	125	212
1930	125	212
1931	125	212
1932	125	212
1933	126	212
1934	126	212
1935	125	212
1936	131	213
1937	126	212
1938	125	212
1939	126	212
1940	128	212
1941	126	212
1942	126	212
1943	126	212
1944	126	212
1945	126	212
1946	126	212
1947	126	212
1948	126	212
1949	126	212
1950	126	212
1951	126	212
1952	129	210
1953	126	212
1954	126	213
1955	127	212
1956	126	212
1957	125	213
1958	128	212
1959	127	213
1960	127	212
1961	127	212
1962	129	212
1963	127	212
1964	128	212
1965	128	212
1966	129	212
1967	126	212
1968	128	212
1969	128	212
1970	129	212
1971	129	212
1972	130	213
1973	128	212
1974	129	212
1975	129	212
1976	129	212
1977	128	212
1978	129	212
1979	128	212
1980	129	212
1981	129	213
1982	129	212
1983	129	212
1984	129	213
1985	129	212
1986	129	212
1987	129	212
1988	129	213
1989	129	213
1990	129	212
1991	129	212
1992	133	212
1993	130	212
1994	130	212
1995	129	212
1996	130	212
1997	129	212
1998	130	213
1999	130	212
2000	129	212
2001	130	212
2002	130	212
2003	130	212
2004	132	213
2005	130	212
2006	130	212
2007	131	213
2008	130	212
2009	132	212
2010	131	213
2011	132	212
2012	130	213
2013	131	213
2014	130	215
2015	132	212
2016	131	212
2017	131	212
2018	131	213
2019	130	212
2020	131	212
2021	132	213
2022	131	213
2023	132	212
2024	132	212
2025	132	213
2026	132	212
2027	132	213
2028	132	212
2029	132	213
2030	132	212
2031	134	211
2032	133	213
2033	133	212
2034	133	213
2035	133	212
2036	134	213
2037	133	213
2038	132	212
2039	133	213
2040	133	213
2041	133	213
2042	134	213
2043	133	212
2044	133	213
2045	133	212
2046	133	213
2047	133	213
2048	133	213
2049	133	212
2050	134	213
2051	135	213
2052	134	212
2053	133	213
2054	134	213
2055	134	212
2056	133	213
2057	133	213
2058	134	212
2059	134	213
2060	134	213
2061	134	213
2062	134	213
2063	134	213
2064	134	213
2065	134	213
2066	134	213
2067	134	213
2068	137	213
2069	134	212
2070	135	212
2071	135	213
2072	137	212
2073	135	213
2074	135	213
2075	137	213
2076	136	213
2077	135	213
2078	136	213
2079	135	212
2080	135	213
2081	135	213
2082	136	213
2083	137	213
2084	136	212
2085	137	213
2086	137	213
2087	135	213
2088	136	213
2089	137	213
2090	137	213
2091	137	213
2092	131	214
2093	138	212
2094	137	213
2095	137	213
2096	137	213
2097	137	213
2098	137	213
2099	137	213
2100	139	213
2101	137	213
2102	137	213
2103	137	213
2104	137	213
2105	137	213
2106	137	213
2107	137	212
2108	137	213
2109	137	213
2110	137	212
2111	138	213
2112	137	213
2113	138	213
2114	138	213
2115	138	213
2116	138	213
2117	138	213
2118	138	213
2119	138	213
2120	138	212
2121	137	213
2122	137	213
2123	138	213
2124	139	213
2125	138	213
2126	138	213
2127	139	213
2128	138	213
2129	139	213
2130	138	213
2131	139	213
2132	141	213
2133	140	213
2134	138	213
2135	139	213
2136	139	213
2137	140	213
2138	139	213
2139	140	213
2140	139	213
2141	141	213
2142	139	213
2143	140	213
2144	140	213
2145	140	213
2146	140	213
2147	139	213
2148	140	213
2149	141	213
2150	139	213
2151	141	214
2152	141	213
2153	140	213
2154	141	213
2155	141	213
2156	141	213
2157	141	213
2158	141	213
2159	141	213
2160	141	213
2161	141	213
2162	141	213
2163	141	213
2164	143	213
2165	141	213
2166	141	213
2167	141	213
2168	141	213
2169	141	213
2170	140	213
2171	145	213
2172	142	213
2173	141	213
2174	141	213
2175	141	213
2176	142	213
2177	141	213
2178	143	213
2179	142	213
2180	143	213
2181	141	213
2182	142	214
2183	142	213
2184	142	213
2185	141	213
2186	142	213
2187	142	213
2188	143	213
2189	142	213
2190	144	213
2191	142	213
2192	143	213
2193	142	213
2194	143	213
2195	142	213
2196	145	213
2197	142	213
2198	144	213
2199	144	213
2200	144	213
2201	142	214
2202	145	213
2203	143	213
2204	143	213
2205	143	213
2206	145	214
2207	143	213
2208	144	213
2209	142	213
2210	145	213
2211	145	213
2212	144	213
2213	145	214
2214	145	214
2215	144	214
2216	145	213
2217	145	214
2218	145	214
2219	145	214
2220	145	213
2221	145	213
2222	145	213
2223	145	214
2224	145	213
2225	145	214
2226	144	213
2227	146	214
2228	146	213
2229	145	214
2230	145	213
2231	146	213
2232	145	213
2233	146	214
2234	145	213
2235	145	213
2236	145	214
2237	145	213
2238	145	213
2239	146	214
2240	145	215
2241	146	214
2242	146	214
2243	146	214
2244	146	214
2245	146	214
2246	146	214
2247	145	213
2248	146	213
2249	149	213
2250	146	213
2251	148	214
2252	146	213
2253	146	214
2254	146	214
2255	146	214
2256	146	214
2257	147	213
2258	146	213
2259	147	214
2260	149	214
2261	146	214
2262	147	214
2263	148	213
2264	146	214
2265	149	214
2266	148	214
2267	147	214
2268	149	214
2269	148	214
2270	149	214
2271	148	213
2272	148	214
2273	147	213
2274	149	214
2275	148	214
2276	148	214
2277	149	214
2278	148	214
2279	149	214
2280	148	214
2281	149	214
2282	149	214
2283	148	214
2284	149	214
2285	149	214
2286	149	214
2287	149	214
2288	149	213
2289	149	214
2290	150	214
2291	149	214
2292	151	215
2293	149	214
2294	149	214
2295	149	215
2296	149	214
2297	149	214
2298	149	214
2299	149	214
2300	150	214
2301	149	214
2302	149	214
2303	149	214
2304	150	214
2305	149	214
2306	149	214
2307	150	215
2308	150	213
2309	150	214
2310	150	214
2311	150	214
2312	151	214
2313	150	215
2314	150	214
2315	153	215
2316	150	213
2317	150	214
2318	151	215
2319	150	214
2320	150	214
2321	150	214
2322	150	214
2323	150	214
2324	152	215
2325	150	214
2326	151	214
2327	149	215
2328	151	214
2329	150	214
2330	151	215
2331	152	215
2332	151	214
2333	151	215
2334	152	214
2335	151	213
2336	151	215
2337	151	214
2338	152	214
2339	151	214
2340	151	214
2341	152	215
2342	151	215
2343	153	215
2344	152	215
2345	153	215
2346	152	214
2347	152	215
2348	152	214
2349	153	214
2350	153	215
2351	153	215
2352	152	214
2353	153	214
2354	153	215
2355	153	215
2356	153	215
2357	153	215
2358	153	214
2359	153	214
2360	153	214
2361	153	215
2362	153	214
2363	153	215
2364	153	215
2365	153	215
2366	153	215
2367	153	215
2368	153	215
2369	154	215
2370	153	215
2371	154	215
2372	153	215
2373	154	214
2374	153	215
2375	154	215
2376	154	214
2377	153	215
2378	153	214
2379	154	214
2380	153	215
2381	154	214
2382	154	215
2383	154	215
2384	154	215
2385	153	214
2386	154	215
2387	154	214
2388	155	215
2389	154	215
2390	154	215
2391	154	215
2392	154	215
2393	154	215
2394	155	215
2395	154	215
2396	155	215
2397	154	215
2398	154	215
2399	155	215
2400	154	215
2401	155	215
2402	155	215
2403	154	214
2404	154	215
2405	149	217
2406	157	215
2407	154	215
2408	155	215
2409	154	215
2410	155	215
2411	156	215
2412	155	215
2413	156	215
2414	156	215
2415	155	215
2416	156	215
2417	155	215
2418	157	215
2419	157	215
2420	158	215
2421	157	215
2422	156	215
2423	157	215
2424	157	215
2425	157	215
2426	157	214
2427	156	215
2428	156	214
2429	155	215
2430	156	215
2431	157	215
2432	157	215
2433	157	215
2434	157	215
2435	157	215
2436	157	215
2437	157	215
2438	157	215
2439	157	215
2440	157	216
2441	157	215
2442	157	215
2443	157	215
2444	157	215
2445	157	215
2446	157	215
2447	157	215
2448	158	215
2449	157	215
2450	157	215
2451	158	215
2452	160	215
2453	157	215
2454	157	215
2455	158	215
2456	158	215
2457	158	215
2458	158	215
2459	157	215
2460	158	215
2461	158	216
2462	158	215
2463	159	215
2464	157	216
2465	158	215
2466	158	215
2467	158	215
2468	157	215
2469	158	215
2470	158	215
2471	158	215
2472	158	215
2473	158	215
2474	158	215
2475	158	215
2476	158	215
2477	161	216
2478	158	215
2479	158	215
2480	158	215
2481	158	216
2482	158	215
2483	151	217
2484	161	216
2485	159	215
2486	158	215
2487	158	215
2488	159	215
2489	160	215
2490	159	215
2491	159	215
2492	160	215
2493	160	215
2494	159	215
2495	160	215
2496	160	216
2497	160	215
2498	159	216
2499	161	216
2500	161	216
2501	160	215
2502	159	216
2503	161	216
2504	161	216
2505	160	215
2506	160	215
2507	160	216
2508	161	216
2509	160	215
2510	161	215
2511	161	215
2512	161	215
2513	160	215
2514	160	215
2515	161	215
2516	162	216
2517	161	215
2518	161	215
2519	161	216
2520	161	215
2521	161	215
2522	161	216
2523	161	216
2524	161	216
2525	161	216
2526	162	215
2527	161	215
2528	161	215
2529	161	216
2530	161	215
2531	161	215
2532	161	215
2533	161	216
2534	161	216
2535	161	216
2536	162	216
2537	161	216
2538	161	216
2539	161	216
2540	162	216
2541	161	215
2542	162	216
2543	161	216
2544	161	215
2545	162	216
2546	162	216
2547	161	216
2548	162	216
2549	162	216
2550	162	215
2551	162	216
2552	163	216
2553	162	215
2554	162	216
2555	162	216
2556	162	216
2557	162	216
2558	162	216
2559	162	216
2560	162	216
2561	157	214
2562	163	216
2563	162	216
2564	163	216
2565	162	216
2566	162	216
2567	162	216
2568	163	215
2569	163	215
2570	163	216
2571	163	216
2572	162	216
2573	164	216
2574	163	216
2575	163	216
2576	163	215
2577	164	216
2578	165	216
2579	163	215
2580	165	216
2581	164	216
2582	163	215
2583	163	215
2584	163	216
2585	164	216
2586	164	216
2587	164	216
2588	164	216
2589	164	216
2590	164	216
2591	164	215
2592	165	216
2593	165	216
2594	165	216
2595	164	215
2596	163	215
2597	165	216
2598	165	216
2599	165	216
2600	165	216
2601	165	216
2602	165	216
2603	165	216
2604	163	216
2605	165	216
2606	165	216
2607	165	216
2608	165	216
2609	165	216
2610	165	216
2611	165	216
2612	166	216
2613	165	216
2614	165	216
2615	165	216
2616	165	216
2617	165	216
2618	165	216
2619	165	216
2620	165	216
2621	165	215
2622	165	216
2623	165	216
2624	165	216
2625	165	216
2626	166	217
2627	165	216
2628	165	216
2629	166	216
2630	166	216
2631	166	216
2632	165	216
2633	165	216
2634	166	217
2635	166	216
2636	166	216
2637	166	216
2638	166	216
2639	168	214
2640	165	216
2641	166	216
2642	166	216
2643	166	216
2644	169	217
2645	165	216
2646	166	216
2647	167	216
2648	166	216
2649	166	216
2650	168	216
2651	166	216
2652	166	216
2653	167	216
2654	167	216
2655	166	216
2656	166	216
2657	166	216
2658	166	216
2659	166	216
2660	166	216
2661	166	216
2662	168	216
2663	166	216
2664	167	216
2665	167	216
2666	167	216
2667	168	217
2668	167	216
2669	167	216
2670	168	216
2671	167	216
2672	168	216
2673	167	216
2674	168	217
2675	167	217
2676	169	217
2677	169	216
2678	169	216
2679	169	217
2680	168	217
2681	169	217
2682	168	216
2683	167	216
2684	168	217
2685	169	216
2686	167	216
2687	169	217
2688	169	217
2689	169	216
2690	169	216
2691	169	217
2692	169	217
2693	168	216
2694	169	216
2695	169	216
2696	168	216
2697	169	216
2698	169	216
2699	169	216
2700	169	217
2701	169	217
2702	169	216
2703	170	216
2704	169	216
2705	169	217
2706	169	216
2707	169	217
2708	170	217
2709	169	216
2710	169	216
2711	169	217
2712	170	216
2713	169	216
2714	169	217
2715	169	217
2716	169	216
2717	172	217
2718	167	217
2719	169	217
2720	169	216
2721	169	217
2722	169	216
2723	170	216
2724	169	216
2725	169	217
2726	169	217
2727	170	216
2728	170	217
2729	170	217
2730	170	217
2731	170	217
2732	170	217
2733	169	216
2734	169	216
2735	170	217
2736	170	216
2737	170	216
2738	170	217
2739	170	217
2740	172	217
2741	170	217
2742	170	217
2743	170	217
2744	170	217
2745	170	217
2746	170	216
2747	170	217
2748	171	216
2749	170	217
2750	171	216
2751	170	217
2752	170	217
2753	171	217
2754	172	217
2755	171	217
2756	171	217
2757	171	216
2758	171	217
2759	171	217
2760	170	217
2761	170	217
2762	171	217
2763	170	217
2764	171	217
2765	171	217
2766	171	217
2767	171	217
2768	173	216
2769	172	217
2770	172	217
2771	173	217
2772	173	217
2773	172	217
2774	172	217
2775	171	217
2776	172	217
2777	172	217
2778	173	217
2779	172	217
2780	173	217
2781	172	217
2782	173	217
2783	172	217
2784	172	217
2785	173	217
2786	172	216
2787	171	217
2788	173	217
2789	173	217
2790	173	217
2791	173	217
2792	173	217
2793	171	217
2794	173	217
2795	173	217
2796	169	217
2797	173	217
2798	172	216
2799	173	217
2800	173	217
2801	173	217
2802	173	217
2803	173	217
2804	174	217
2805	168	216
2806	173	217
2807	173	217
2808	173	217
2809	173	217
2810	173	217
2811	173	217
2812	174	217
2813	173	217
2814	173	217
2815	173	217
2816	173	217
2817	173	217
2818	173	217
2819	174	217
2820	174	217
2821	173	217
2822	173	217
2823	174	217
2824	173	217
2825	174	217
2826	174	217
2827	174	217
2828	174	218
2829	174	217
2830	174	217
2831	173	217
2832	173	217
2833	174	217
2834	174	217
2835	174	217
2836	174	217
2837	175	217
2838	173	217
2839	174	216
2840	174	217
2841	174	218
2842	177	219
2843	174	217
2844	174	217
2845	174	217
2846	174	217
2847	175	217
2848	174	217
2849	174	217
2850	175	217
2851	174	217
2852	174	217
2853	174	217
2854	175	217
2855	174	217
2856	176	217
2857	175	217
2858	174	217
2859	174	218
2860	176	217
2861	176	218
2862	175	217
2863	174	217
2864	175	217
2865	175	216
2866	175	217
2867	176	218
2868	177	217
2869	175	217
2870	175	217
2871	175	217
2872	175	217
2873	174	217
2874	173	218
2875	177	217
2876	177	217
2877	174	217
2878	177	218
2879	176	217
2880	176	218
2881	176	218
2882	178	218
2883	176	217
2884	176	217
2885	176	217
2886	177	218
2887	175	217
2888	177	218
2889	176	217
2890	176	217
2891	177	217
2892	176	217
2893	176	218
2894	177	218
2895	177	218
2896	176	217
2897	177	218
2898	177	217
2899	177	217
2900	177	218
2901	177	217
2902	177	217
2903	177	217
2904	177	217
2905	177	218
2906	177	217
2907	177	218
2908	177	218
2909	178	218
2910	177	218
2911	177	218
2912	177	217
2913	177	217
2914	176	218
2915	177	217
2916	177	218
2917	177	217
2918	177	218
2919	178	218
2920	177	217
2921	185	218
2922	177	217
2923	177	217
2924	177	218
2925	178	218
2926	177	217
2927	178	218
2928	177	217
2929	178	218
2930	178	218
2931	177	218
2932	179	219
2933	177	219
2934	178	218
2935	178	218
2936	178	218
2937	178	217
2938	177	218
2939	178	218
2940	178	217
2941	178	217
2942	178	217
2943	177	218
2944	178	218
2945	178	218
2946	178	218
2947	178	218
2948	178	218
2949	177	218
2950	179	218
2951	178	218
2952	180	218
2953	178	217
2954	178	218
2955	178	218
2956	178	218
2957	178	218
2958	179	218
2959	179	217
2960	179	219
2961	179	218
2962	179	218
2963	178	218
2964	181	218
2965	178	218
2966	179	217
2967	178	217
2968	179	218
2969	178	218
2970	179	218
2971	178	218
2972	178	218
2973	179	218
2974	178	218
2975	179	217
2976	180	218
2977	180	218
2978	180	218
2979	179	218
2980	180	218
2981	179	217
2982	180	218
2983	179	218
2984	179	218
2985	180	219
2986	180	218
2987	179	217
2988	181	217
2989	179	218
2990	179	217
2991	180	218
2992	180	218
2993	178	219
2994	180	218
2995	180	218
2996	182	219
2997	180	218
2998	180	218
2999	181	218
3000	181	218
3001	179	218
3002	181	218
3003	181	218
3004	180	218
3005	180	218
3006	181	218
3007	180	218
3008	181	219
3009	181	219
3010	180	218
3011	181	219
3012	181	218
3013	180	218
3014	181	218
3015	181	218
3016	181	218
3017	180	218
3018	181	219
3019	181	218
3020	181	218
3021	181	219
3022	181	218
3023	181	218
3024	181	217
3025	181	218
3026	181	219
3027	181	218
3028	182	219
3029	181	218
3030	185	216
3031	181	217
3032	181	219
3033	181	219
3034	181	218
3035	181	218
3036	181	218
3037	182	218
3038	181	218
3039	182	219
3040	181	218
3041	182	219
3042	181	218
3043	181	218
3044	182	218
3045	181	218
3046	182	218
3047	182	219
3048	181	218
3049	182	218
3050	182	219
3051	182	218
3052	182	219
3053	182	218
3054	181	218
3055	182	219
3056	182	218
3057	182	218
3058	182	218
3059	182	219
3060	183	219
3061	182	219
3062	182	219
3063	182	219
3064	182	219
3065	182	218
3066	182	218
3067	182	219
3068	182	218
3069	182	218
3070	182	219
3071	183	218
3072	182	218
3073	182	219
3074	182	219
3075	182	218
3076	182	219
3077	181	218
3078	183	219
3079	182	218
3080	183	219
3081	182	218
3082	184	219
3083	183	218
3084	182	219
3085	182	219
3086	184	219
3087	184	219
3088	184	219
3089	183	219
3090	184	219
3091	183	219
3092	185	219
3093	182	219
3094	184	219
3095	183	218
3096	183	219
3097	183	218
3098	184	219
3099	182	219
3100	183	219
3101	184	219
3102	184	219
3103	183	218
3104	183	219
3105	183	219
3106	184	218
3107	184	218
3108	190	216
3109	184	219
3110	185	219
3111	184	219
3112	185	219
3113	184	218
3114	184	219
3115	184	219
3116	185	218
3117	184	218
3118	185	219
3119	185	218
3120	184	218
3121	185	219
3122	183	219
3123	184	219
3124	186	219
3125	183	219
3126	184	219
3127	185	218
3128	185	219
3129	185	219
3130	185	219
3131	185	219
3132	185	219
3133	185	218
3134	184	219
3135	185	219
3136	185	219
3137	185	219
3138	185	219
3139	185	219
3140	185	219
3141	185	219
3142	185	219
3143	185	219
3144	184	218
3145	185	219
3146	185	219
3147	185	219
3148	185	219
3149	185	219
3150	185	219
3151	185	219
3152	185	219
3153	185	219
3154	185	219
3155	185	219
3156	186	219
3157	186	219
3158	185	219
3159	185	219
3160	185	219
3161	185	219
3162	185	219
3163	185	219
3164	185	219
3165	186	219
3166	185	219
3167	185	219
3168	186	218
3169	185	219
3170	185	219
3171	185	219
3172	185	219
3173	185	219
3174	186	219
3175	185	219
3176	185	219
3177	186	219
3178	185	219
3179	186	219
3180	186	219
3181	186	219
3182	185	219
3183	185	218
3184	185	219
3185	186	219
3186	190	219
3187	185	219
3188	187	220
3189	186	219
3190	186	219
3191	186	219
3192	186	219
3193	186	219
3194	186	219
3195	186	219
3196	186	219
3197	186	219
3198	186	219
3199	186	219
3200	186	219
3201	186	219
3202	187	219
3203	186	219
3204	187	219
3205	186	219
3206	186	219
3207	187	219
3208	186	219
3209	186	219
3210	186	219
3211	186	219
3212	187	219
3213	186	219
3214	186	219
3215	186	220
3216	186	219
3217	186	219
3218	187	220
3219	186	219
3220	189	220
3221	186	219
3222	187	219
3223	186	219
3224	187	219
3225	187	219
3226	187	219
3227	187	220
3228	187	219
3229	187	220
3230	186	220
3231	186	219
3232	187	219
3233	187	219
3234	188	219
3235	186	219
3236	188	219
3237	187	220
3238	187	220
3239	187	220
3240	188	219
3241	189	220
3242	187	220
3243	187	219
3244	187	220
3245	188	219
3246	188	219
3247	187	219
3248	189	219
3249	187	219
3250	187	219
3251	188	219
3252	189	219
3253	188	219
3254	187	219
3255	187	220
3256	189	220
3257	188	219
3258	188	219
3259	189	220
3260	188	219
3261	189	220
3262	187	220
3263	189	220
3264	190	220
3265	188	219
3266	189	219
3267	189	219
3268	189	220
3269	189	220
3270	188	220
3271	189	219
3272	187	220
3273	189	219
3274	189	219
3275	189	219
3276	188	219
3277	189	220
3278	189	219
3279	189	219
3280	189	220
3281	189	219
3282	189	220
3283	189	219
3284	189	220
3285	189	219
3286	189	220
3287	189	219
3288	189	220
3289	190	220
3290	189	219
3291	189	220
3292	189	220
3293	189	219
3294	189	220
3295	189	220
3296	189	219
3297	189	219
3298	189	219
3299	189	219
3300	189	220
3301	189	220
3302	189	220
3303	189	220
3304	189	220
3305	190	219
3306	189	219
3307	189	219
3308	189	220
3309	189	220
3310	190	219
3311	189	220
3312	189	220
3313	189	219
3314	190	220
3315	190	220
3316	190	220
3317	189	220
3318	189	220
3319	189	220
3320	190	219
3321	189	220
3322	190	220
3323	190	220
3324	190	220
3325	189	219
3326	189	220
3327	190	220
3328	189	220
3329	190	220
3330	190	220
3331	190	219
3332	190	219
3333	190	220
3334	190	220
3335	190	220
3336	190	220
3337	190	219
3338	190	220
3339	191	219
3340	191	220
3341	189	220
3342	190	220
3343	192	220
3344	189	220
3345	190	220
3346	190	220
3347	190	220
3348	192	221
3349	190	220
3350	190	219
3351	190	220
3352	190	220
3353	190	219
3354	190	219
3355	190	220
3356	190	220
3357	190	220
3358	190	219
3359	190	220
3360	190	220
3361	190	220
3362	190	220
3363	191	220
3364	190	220
3365	190	220
3366	191	220
3367	191	220
3368	190	220
3369	190	220
3370	191	220
3371	190	221
3372	191	220
3373	191	220
3374	190	220
3375	191	220
3376	190	220
3377	191	219
3378	191	220
3379	191	220
3380	192	220
3381	192	220
3382	190	220
3383	192	220
3384	192	220
3385	191	219
3386	191	220
3387	192	220
3388	190	220
3389	192	220
3390	192	220
3391	193	220
3392	191	220
3393	191	220
3394	191	220
3395	193	220
3396	191	220
3397	193	221
3398	192	220
3399	192	219
3400	191	220
3401	192	219
3402	191	220
3403	192	220
3404	193	220
3405	192	220
3406	192	221
3407	193	220
3408	192	220
3409	193	220
3410	191	220
3411	192	220
3412	193	221
3413	193	220
3414	193	220
3415	192	220
3416	193	220
3417	192	221
3418	191	220
3419	193	220
3420	191	220
3421	197	220
3422	192	220
3423	192	220
3424	193	220
3425	193	220
3426	193	220
3427	192	220
3428	193	220
3429	192	220
3430	192	220
3431	193	221
3432	193	220
3433	192	221
3434	193	220
3435	193	220
3436	193	220
3437	193	220
3438	193	221
3439	193	220
3440	193	220
3441	193	220
3442	193	220
3443	193	220
3444	194	221
3445	193	221
3446	193	220
3447	193	220
3448	193	220
3449	193	220
3450	193	220
3451	193	220
3452	193	220
3453	193	220
3454	193	220
3455	193	221
3456	193	220
3457	193	220
3458	193	221
3459	193	220
3460	193	220
3461	193	221
3462	193	220
3463	193	221
3464	193	220
3465	193	220
3466	193	221
3467	194	220
3468	193	220
3469	193	221
3470	193	220
3471	193	220
3472	193	221
3473	194	220
3474	193	221
3475	194	220
3476	195	221
3477	193	221
3478	193	220
3479	193	220
3480	193	221
3481	194	221
3482	193	220
3483	193	220
3484	193	220
3485	193	220
3486	194	220
3487	194	220
3488	193	220
3489	193	221
3490	193	220
3491	193	220
3492	193	221
3493	194	220
3494	194	221
3495	194	221
3496	193	221
3497	194	221
3498	193	221
3499	197	220
3500	193	220
3501	194	221
3502	194	220
3503	194	221
3504	194	221
3505	194	220
3506	194	221
3507	194	221
3508	195	221
3509	194	220
3510	194	221
3511	195	221
3512	193	220
3513	194	221
3514	194	221
3515	195	221
3516	195	221
3517	194	220
3518	194	221
3519	194	220
3520	194	221
3521	194	221
3522	194	221
3523	194	220
3524	194	220
3525	194	220
3526	194	221
3527	194	220
3528	194	221
3529	194	220
3530	194	221
3531	194	221
3532	194	220
3533	195	221
3534	194	221
3535	194	221
3536	195	221
3537	194	221
3538	194	220
3539	194	221
3540	197	221
3541	194	220
3542	196	221
3543	195	220
3544	195	220
3545	196	221
3546	196	221
3547	195	221
3548	194	221
3549	195	221
3550	195	221
3551	194	220
3552	195	221
3553	195	220
3554	195	221
3555	194	220
3556	194	221
3557	197	221
3558	194	221
3559	194	221
3560	196	221
3561	194	221
3562	197	221
3563	196	221
3564	196	221
3565	196	221
3566	196	221
3567	195	221
3568	195	221
3569	195	221
3570	196	221
3571	196	221
3572	197	221
3573	195	221
3574	197	221
3575	195	221
3576	195	221
3577	198	221
3578	195	221
3579	196	220
3580	195	221
3581	195	221
3582	196	220
3583	196	221
3584	196	221
3585	197	221
3586	196	221
3587	196	221
3588	196	221
3589	196	221
3590	197	221
3591	197	220
3592	196	221
3593	197	221
3594	197	220
3595	196	221
3596	196	221
3597	197	221
3598	197	221
3599	196	221
3600	196	221
3601	197	221
3602	196	221
3603	197	221
3604	198	222
3605	197	220
3606	197	221
3607	197	221
3608	197	221
3609	197	221
3610	195	221
3611	197	221
3612	197	221
3613	197	221
3614	195	221
3615	197	221
3616	197	221
3617	197	221
3618	197	221
3619	197	221
3620	197	221
3621	197	221
3622	196	221
3623	197	221
3624	197	221
3625	197	221
3626	197	221
3627	197	221
3628	197	221
3629	197	221
3630	197	221
3631	197	221
3632	197	221
3633	197	221
3634	197	221
3635	198	221
3636	198	221
3637	197	221
3638	197	221
3639	197	221
3640	197	221
3641	197	221
3642	197	221
3643	197	221
3644	197	221
3645	197	221
3646	197	221
3647	198	221
3648	197	221
3649	197	221
3650	198	222
3651	197	221
3652	197	221
3653	197	221
3654	197	221
3655	199	223
3656	197	221
3657	198	221
3658	197	221
3659	197	221
3660	198	221
3661	197	221
3662	197	221
3663	197	221
3664	198	221
3665	197	221
3666	198	221
3667	197	221
3668	199	221
3669	197	221
3670	197	221
3671	197	221
3672	198	221
3673	198	221
3674	198	221
3675	197	222
3676	198	221
3677	198	221
3678	198	221
3679	198	221
3680	197	221
3681	198	221
3682	198	221
3683	198	221
3684	198	221
3685	198	221
3686	198	221
3687	198	221
3688	198	221
3689	198	221
3690	198	221
3691	198	222
3692	198	221
3693	197	221
3694	198	221
3695	198	222
3696	198	221
3697	198	221
3698	205	221
3699	199	221
3700	200	222
3701	198	221
3702	198	221
3703	198	221
3704	198	221
3705	198	221
3706	198	221
3707	199	221
3708	198	221
3709	198	221
3710	198	221
3711	198	221
3712	198	221
3713	199	222
3714	199	221
3715	199	221
3716	198	221
3717	198	221
3718	198	221
3719	199	221
3720	198	221
3721	198	221
3722	198	221
3723	199	221
3724	198	222
3725	199	221
3726	198	222
3727	199	221
3728	198	221
3729	198	222
3730	198	222
3731	199	221
3732	200	222
3733	197	225
3734	199	221
3735	201	219
3736	199	221
3737	200	221
3738	198	222
3739	199	222
3740	199	222
3741	198	221
3742	200	222
3743	200	221
3744	200	222
3745	199	221
3746	200	221
3747	198	221
3748	201	221
3749	200	221
3750	200	221
3751	200	222
3752	198	221
3753	199	222
3754	199	221
3755	200	222
3756	200	221
3757	198	221
3758	199	221
3759	199	221
3760	200	221
3761	200	221
3762	198	221
3763	200	222
3764	201	222
3765	199	221
3766	200	222
3767	200	222
3768	200	221
3769	200	222
3770	199	221
3771	199	221
3772	200	222
3773	199	221
3774	201	221
3775	201	222
3776	201	221
3777	199	221
3778	201	222
3779	200	222
3780	200	222
3781	201	222
3782	200	221
3783	201	222
3784	201	221
3785	199	221
3786	201	221
3787	201	222
3788	201	221
3789	201	221
3790	201	222
3791	200	221
3792	201	222
3793	200	222
3794	201	222
3795	200	222
3796	202	222
3797	201	222
3798	200	221
3799	201	222
3800	201	222
3801	200	222
3802	200	222
3803	201	221
3804	201	222
3805	201	221
3806	201	222
3807	201	222
3808	201	222
3809	200	221
3810	201	221
3811	194	222
3812	202	221
3813	201	222
3814	202	221
3815	201	221
3816	201	222
3817	201	221
3818	201	222
3819	201	222
3820	201	221
3821	201	221
3822	201	222
3823	201	221
3824	201	222
3825	201	221
3826	201	222
3827	201	222
3828	202	223
3829	201	221
3830	201	222
3831	201	222
3832	201	221
3833	201	222
3834	201	222
3835	201	222
3836	201	221
3837	201	222
3838	201	222
3839	201	221
3840	201	222
3841	201	222
3842	201	222
3843	201	222
3844	201	221
3845	201	222
3846	201	221
3847	201	221
3848	201	222
3849	202	222
3850	201	222
3851	201	222
3852	202	222
3853	202	221
3854	201	222
3855	201	222
3856	202	222
3857	201	221
3858	202	222
3859	201	221
3860	202	223
3861	201	222
3862	201	221
3863	201	222
3864	201	221
3865	202	222
3866	201	222
3867	201	222
3868	202	222
3869	202	222
3870	202	222
3871	201	222
3872	201	222
3873	202	221
3874	202	222
3875	202	221
3876	202	222
3877	202	222
3878	201	223
3879	201	222
3880	202	222
3881	202	222
3882	202	222
3883	202	222
3884	202	222
3885	202	222
3886	202	222
3887	202	221
3888	201	222
3889	200	221
3890	205	223
3891	202	222
3892	205	222
3893	202	223
3894	202	222
3895	202	222
3896	202	221
3897	202	222
3898	202	222
3899	202	222
3900	202	222
3901	201	222
3902	202	222
3903	202	222
3904	202	223
3905	202	223
3906	202	223
3907	202	223
3908	202	222
3909	202	222
3910	202	222
3911	201	222
3912	202	222
3913	201	222
3914	203	222
3915	202	222
3916	203	222
3917	203	222
3918	202	222
3919	202	222
3920	202	222
3921	203	222
3922	202	221
3923	202	222
3924	204	222
3925	203	223
3926	202	222
3927	202	222
3928	203	222
3929	202	222
3930	202	222
3931	202	223
3932	203	222
3933	202	223
3934	203	223
3935	202	222
3936	202	222
3937	203	222
3938	203	222
3939	202	222
3940	202	222
3941	203	222
3942	203	222
3943	203	223
3944	203	222
3945	202	222
3946	202	222
3947	203	222
3948	202	222
3949	202	221
3950	202	222
3951	202	222
3952	202	223
3953	203	222
3954	202	222
3955	204	223
3956	205	223
3957	204	223
3958	203	223
3959	204	223
3960	202	223
3961	203	223
3962	203	222
3963	203	222
3964	203	222
3965	203	222
3966	203	223
3967	204	222
3968	203	223
3969	205	223
3970	203	223
3971	203	222
3972	202	223
3973	205	223
3974	203	223
3975	203	223
3976	203	223
3977	203	222
3978	204	223
3979	205	223
3980	203	223
3981	203	223
3982	204	223
3983	204	223
3984	204	223
3985	205	223
3986	203	222
3987	203	223
3988	205	223
3989	203	222
3990	205	221
3991	203	223
3992	203	223
3993	205	222
3994	205	222
3995	205	223
3996	205	223
3997	203	222
3998	205	223
3999	204	223
4000	205	223
4001	204	223
4002	204	223
4003	205	222
4004	203	222
4005	203	223
4006	205	223
4007	205	223
4008	205	223
4009	203	223
4010	205	223
4011	205	223
4012	205	222
4013	204	223
4014	205	223
4015	204	223
4016	204	223
4017	204	223
4018	205	223
4019	205	223
4020	206	223
4021	204	223
4022	204	223
4023	204	223
4024	205	223
4025	205	223
4026	205	223
4027	205	223
4028	204	223
4029	205	223
4030	205	223
4031	205	223
4032	205	223
4033	205	223
4034	205	223
4035	205	223
4036	205	223
4037	205	223
4038	205	222
4039	205	223
4040	204	223
4041	205	223
4042	205	222
4043	205	223
4044	205	223
4045	205	223
4046	200	223
4047	205	223
4048	205	222
4049	205	223
4050	205	223
4051	205	223
4052	207	223
4053	205	223
4054	205	223
4055	205	223
4056	205	223
4057	205	223
4058	205	223
4059	205	223
4060	205	223
4061	206	223
4062	205	223
4063	205	223
4064	205	223
4065	205	223
4066	205	223
4067	205	223
4068	205	222
4069	205	223
4070	205	223
4071	205	223
4072	205	223
4073	205	223
4074	205	223
4075	205	223
4076	205	222
4077	206	223
4078	205	224
4079	205	222
4080	205	223
4081	205	223
4082	206	223
4083	206	223
4084	206	223
4085	206	223
4086	205	222
4087	205	223
4088	205	223
4089	205	223
4090	205	224
4091	206	223
4092	205	223
4093	206	223
4094	205	223
4095	206	223
