
TIME STEP:
125 = 5us

VOLTAGE STEP:
CH1:  32 = 0.1V
CH2:  32 = 0.1V
GND	153	110
N	CH1	CH2

0	25	21
1	26	22
2	24	22
3	25	22
4	25	22
5	25	21
6	25	22
7	24	22
8	25	21
9	25	22
10	25	22
11	25	22
12	25	21
13	25	22
14	24	21
15	25	22
16	25	21
17	25	22
18	24	21
19	25	22
20	25	21
21	25	22
22	24	21
23	25	22
24	25	21
25	25	22
26	24	21
27	25	22
28	25	22
29	25	22
30	24	21
31	25	21
32	24	21
33	25	21
34	25	21
35	25	21
36	25	22
37	24	21
38	25	22
39	25	21
40	25	21
41	25	21
42	24	22
43	25	22
44	25	21
45	25	22
46	25	22
47	25	22
48	24	22
49	25	22
50	25	22
51	25	23
52	25	22
53	24	22
54	25	23
55	25	22
56	25	22
57	24	21
58	25	22
59	24	21
60	25	22
61	25	22
62	25	22
63	25	22
64	25	22
65	26	23
66	25	22
67	25	23
68	25	22
69	25	22
70	25	22
71	25	22
72	25	22
73	25	22
74	24	22
75	25	22
76	25	21
77	25	23
78	25	22
79	25	22
80	25	22
81	25	22
82	25	22
83	25	22
84	25	22
85	25	21
86	25	23
87	25	22
88	24	22
89	25	21
90	24	22
91	25	22
92	25	22
93	24	21
94	25	22
95	25	21
96	25	21
97	25	22
98	24	22
99	25	22
100	25	21
101	25	22
102	24	22
103	25	22
104	25	21
105	25	22
106	25	22
107	25	22
108	24	22
109	25	22
110	25	21
111	25	22
112	24	21
113	25	22
114	24	21
115	25	22
116	25	22
117	25	21
118	24	21
119	25	22
120	25	21
121	25	22
122	24	21
123	25	22
124	24	21
125	25	21
126	24	21
127	25	21
128	24	21
129	26	22
130	24	21
131	24	22
132	25	21
133	25	22
134	25	22
135	25	21
136	25	21
137	24	22
138	25	21
139	24	21
140	25	21
141	24	22
142	25	21
143	23	21
144	25	21
145	24	22
146	25	22
147	25	21
148	25	22
149	25	21
150	23	21
151	25	22
152	24	21
153	25	22
154	24	21
155	25	22
156	24	21
157	25	22
158	24	21
159	24	22
160	25	22
161	24	21
162	25	22
163	25	21
164	25	22
165	25	21
166	25	21
167	25	21
168	25	22
169	25	21
170	25	22
171	25	22
172	25	22
173	24	21
174	25	22
175	25	21
176	24	22
177	25	22
178	24	22
179	25	22
180	24	22
181	25	22
182	23	22
183	25	22
184	23	21
185	25	23
186	25	21
187	23	22
188	25	22
189	24	21
190	25	22
191	24	21
192	25	22
193	26	22
194	25	21
195	25	21
196	24	22
197	25	21
198	25	22
199	25	22
200	25	22
201	25	22
202	25	22
203	25	22
204	24	21
205	25	22
206	25	21
207	25	22
208	24	22
209	25	22
210	25	21
211	25	22
212	25	21
213	24	22
214	25	22
215	23	21
216	25	22
217	25	21
218	25	22
219	25	21
220	25	22
221	25	22
222	25	22
223	25	21
224	24	21
225	25	22
226	25	21
227	25	22
228	25	22
229	24	22
230	25	21
231	25	22
232	25	22
233	25	21
234	25	22
235	25	21
236	25	22
237	25	22
238	25	21
239	25	22
240	25	21
241	24	21
242	25	21
243	25	22
244	24	21
245	25	22
246	25	22
247	24	21
248	25	22
249	25	21
250	25	22
251	25	21
252	25	22
253	25	22
254	24	21
255	25	22
256	25	22
257	26	22
258	25	21
259	25	22
260	25	22
261	24	22
262	25	21
263	25	21
264	24	21
265	25	22
266	24	21
267	25	22
268	25	21
269	25	21
270	21	22
271	26	21
272	18	22
273	27	22
274	28	20
275	22	22
276	24	22
277	27	21
278	23	21
279	25	22
280	25	21
281	25	21
282	24	22
283	25	21
284	24	21
285	25	21
286	24	21
287	24	22
288	25	21
289	24	21
290	25	21
291	25	22
292	24	21
293	25	22
294	25	21
295	23	21
296	25	22
297	25	21
298	25	22
299	25	22
300	25	22
301	25	21
302	25	22
303	25	23
304	25	22
305	25	22
306	25	22
307	24	22
308	25	22
309	25	23
310	25	21
311	25	22
312	25	22
313	25	23
314	25	22
315	25	22
316	25	22
317	25	22
318	25	22
319	25	22
320	25	22
321	26	23
322	25	21
323	25	22
324	25	22
325	25	21
326	25	22
327	25	22
328	25	22
329	24	21
330	25	23
331	25	21
332	24	21
333	25	22
334	25	21
335	25	23
336	25	22
337	25	23
338	25	21
339	25	22
340	25	22
341	25	22
342	25	22
343	25	22
344	25	22
345	25	22
346	25	21
347	25	22
348	25	22
349	24	22
350	25	21
351	25	22
352	25	22
353	25	22
354	25	22
355	24	21
356	25	22
357	25	22
358	25	22
359	25	21
360	24	22
361	25	21
362	25	21
363	25	23
364	24	22
365	25	22
366	25	22
367	24	21
368	25	22
369	24	21
370	25	22
371	24	21
372	25	22
373	25	21
374	24	22
375	24	21
376	25	22
377	25	21
378	25	22
379	24	21
380	25	22
381	24	21
382	25	22
383	25	22
384	25	22
385	25	21
386	25	22
387	25	21
388	25	22
389	24	21
390	25	22
391	24	21
392	25	22
393	25	22
394	25	22
395	25	22
396	25	22
397	24	22
398	25	22
399	25	21
400	23	21
401	25	21
402	24	21
403	25	21
404	25	22
405	25	21
406	24	21
407	25	21
408	24	21
409	25	22
410	25	21
411	25	21
412	24	21
413	25	21
414	24	21
415	24	22
416	25	21
417	25	21
418	23	21
419	25	22
420	25	21
421	25	21
422	25	21
423	24	22
424	25	21
425	24	21
426	25	21
427	25	22
428	24	21
429	25	22
430	24	22
431	25	22
432	25	21
433	25	22
434	24	21
435	25	23
436	25	22
437	24	22
438	25	22
439	25	22
440	25	22
441	25	22
442	24	22
443	24	22
444	25	22
445	25	21
446	24	22
447	25	21
448	24	22
449	26	22
450	25	22
451	25	21
452	24	21
453	25	22
454	25	21
455	25	22
456	25	22
457	25	22
458	25	22
459	24	22
460	25	22
461	24	22
462	25	22
463	23	21
464	25	23
465	24	22
466	25	22
467	24	21
468	25	21
469	24	21
470	25	22
471	24	21
472	24	22
473	25	22
474	25	22
475	25	23
476	24	21
477	25	22
478	25	21
479	25	22
480	25	22
481	25	21
482	24	21
483	25	22
484	24	21
485	25	22
486	25	21
487	24	22
488	25	21
489	25	22
490	25	22
491	25	22
492	25	22
493	25	22
494	25	22
495	24	21
496	24	22
497	25	21
498	24	21
499	25	22
500	24	22
501	25	22
502	25	22
503	25	21
504	24	21
505	25	21
506	25	21
507	25	21
508	25	21
509	25	22
510	25	21
511	25	22
512	25	21
513	25	22
514	25	21
515	25	22
516	24	21
517	25	21
518	25	22
519	25	22
520	24	21
521	25	22
522	24	21
523	25	22
524	24	21
525	25	21
526	25	21
527	25	21
528	24	21
529	25	22
530	24	21
531	25	21
532	24	21
533	25	22
534	24	21
535	25	21
536	24	21
537	25	22
538	23	21
539	25	22
540	24	21
541	25	21
542	25	21
543	25	22
544	25	21
545	24	21
546	25	21
547	24	21
548	25	22
549	24	21
550	25	22
551	24	21
552	25	21
553	25	21
554	25	22
555	25	21
556	25	22
557	25	21
558	25	22
559	25	21
560	25	22
561	25	22
562	24	21
563	25	23
564	25	22
565	25	22
566	24	22
567	25	23
568	25	22
569	24	22
570	25	22
571	25	22
572	25	22
573	24	22
574	25	22
575	25	22
576	25	22
577	26	23
578	24	22
579	25	22
580	24	21
581	25	22
582	25	22
583	24	22
584	24	22
585	26	22
586	24	23
587	25	22
588	24	22
589	25	22
590	24	22
591	25	23
592	23	22
593	25	22
594	25	21
595	24	22
596	25	22
597	24	21
598	25	22
599	25	22
600	24	22
601	25	22
602	24	23
603	25	22
604	24	22
605	25	21
606	24	21
607	25	22
608	25	21
609	25	23
610	24	22
611	25	22
612	24	21
613	25	22
614	24	21
615	25	22
616	25	21
617	25	22
618	25	21
619	25	22
620	24	21
621	25	22
622	25	21
623	24	21
624	25	22
625	23	22
626	25	21
627	25	21
628	25	22
629	25	22
630	25	22
631	25	21
632	25	22
633	25	22
634	25	22
635	25	22
636	25	21
637	24	22
638	25	22
639	24	21
640	25	22
641	25	22
642	25	22
643	25	21
644	25	22
645	25	22
646	23	21
647	25	22
648	24	21
649	25	22
650	25	22
651	24	21
652	25	22
653	25	21
654	25	21
655	24	21
656	25	22
657	25	21
658	25	22
659	24	21
660	25	22
661	24	21
662	24	22
663	25	22
664	25	21
665	24	22
666	25	21
667	25	21
668	24	21
669	24	22
670	25	22
671	24	21
672	25	21
673	25	22
674	23	21
675	25	21
676	25	21
677	24	21
678	24	21
679	25	22
680	23	21
681	25	22
682	25	21
683	25	22
684	25	22
685	25	21
686	25	21
687	25	21
688	25	22
689	25	22
690	25	22
691	25	22
692	24	22
693	25	22
694	24	22
695	25	22
696	24	22
697	25	22
698	25	22
699	25	22
700	25	21
701	25	22
702	24	21
703	24	22
704	25	22
705	25	22
706	25	22
707	25	21
708	24	22
709	25	22
710	25	22
711	25	22
712	25	22
713	25	22
714	24	21
715	25	22
716	25	22
717	24	22
718	25	22
719	25	22
720	25	22
721	25	21
722	24	22
723	25	22
724	25	22
725	24	22
726	25	22
727	25	22
728	25	21
729	25	22
730	25	22
731	24	22
732	25	21
733	24	22
734	25	22
735	25	22
736	24	22
737	25	22
738	25	22
739	25	22
740	24	21
741	25	22
742	24	21
743	25	22
744	24	21
745	25	21
746	25	21
747	25	23
748	25	21
749	23	22
750	25	21
751	25	22
752	24	21
753	25	22
754	25	21
755	25	22
756	25	21
757	24	21
758	25	22
759	25	22
760	25	22
761	25	22
762	25	21
763	24	21
764	24	22
765	25	21
766	24	22
767	25	22
768	25	21
769	26	22
770	25	21
771	25	22
772	24	21
773	25	22
774	24	21
775	25	22
776	25	21
777	24	22
778	25	21
779	23	21
780	25	23
781	25	21
782	23	22
783	25	21
784	25	21
785	23	22
786	25	22
787	24	21
788	25	22
789	25	21
790	24	22
791	24	21
792	24	21
793	25	21
794	25	22
795	24	21
796	25	22
797	24	21
798	25	21
799	25	21
800	25	21
801	25	22
802	25	21
803	24	22
804	24	21
805	24	22
806	25	21
807	25	22
808	25	21
809	25	22
810	23	21
811	25	22
812	24	21
813	24	22
814	25	21
815	25	22
816	24	22
817	25	22
818	24	21
819	25	23
820	24	21
821	25	23
822	25	22
823	25	23
824	25	22
825	25	22
826	25	23
827	25	22
828	25	22
829	25	22
830	25	22
831	25	22
832	25	21
833	25	22
834	25	22
835	24	22
836	25	22
837	24	22
838	25	22
839	25	22
840	25	22
841	25	23
842	24	21
843	25	22
844	25	22
845	25	22
846	25	22
847	24	22
848	24	22
849	25	22
850	24	21
851	25	23
852	25	22
853	25	22
854	25	21
855	24	22
856	25	22
857	24	22
858	25	22
859	24	23
860	25	22
861	25	22
862	24	22
863	25	22
864	25	22
865	25	22
866	24	22
867	25	21
868	25	22
869	25	22
870	25	22
871	23	21
872	26	22
873	25	21
874	25	22
875	25	22
876	25	22
877	24	21
878	25	22
879	25	21
880	25	22
881	25	21
882	25	21
883	25	22
884	24	21
885	24	22
886	25	21
887	25	22
888	25	22
889	24	22
890	25	21
891	25	22
892	23	21
893	25	22
894	25	21
895	25	22
896	25	22
897	25	22
898	25	22
899	25	22
900	24	22
901	24	22
902	25	22
903	25	21
904	24	23
905	25	21
906	24	22
907	25	21
908	24	21
909	25	22
910	23	21
911	25	22
912	24	22
913	25	21
914	24	21
915	25	21
916	25	21
917	25	22
918	24	21
919	25	21
920	25	21
921	25	21
922	25	22
923	24	21
924	25	21
925	24	22
926	25	22
927	24	21
928	25	21
929	25	22
930	23	21
931	25	22
932	25	21
933	25	21
934	24	21
935	25	21
936	24	21
937	25	21
938	25	21
939	25	22
940	24	21
941	25	22
942	25	21
943	24	22
944	24	21
945	25	22
946	24	22
947	25	22
948	24	21
949	25	22
950	25	22
951	24	21
952	25	22
953	25	22
954	24	22
955	25	23
956	25	21
957	24	22
958	25	22
959	25	22
960	25	22
961	25	22
962	25	22
963	25	22
964	25	22
965	24	21
966	25	22
967	25	21
968	24	22
969	25	22
970	24	21
971	25	22
972	24	21
973	24	23
974	25	21
975	25	22
976	25	21
977	24	22
978	25	22
979	25	21
980	25	22
981	24	21
982	25	22
983	25	21
984	25	22
985	25	21
986	25	22
987	25	22
988	25	21
989	23	21
990	25	22
991	25	22
992	25	22
993	24	22
994	24	21
995	25	22
996	24	22
997	25	22
998	24	21
999	25	22
1000	24	21
1001	25	23
1002	24	21
1003	25	23
1004	25	21
1005	22	21
1006	25	22
1007	24	21
1008	25	23
1009	25	25
1010	25	32
1011	25	42
1012	24	58
1013	25	76
1014	25	96
1015	25	115
1016	25	132
1017	25	149
1018	25	161
1019	25	173
1020	25	181
1021	26	189
1022	25	193
1023	26	199
1024	26	202
1025	28	207
1026	26	208
1027	27	211
1028	26	213
1029	28	215
1030	28	217
1031	28	218
1032	29	219
1033	27	220
1034	29	221
1035	29	221
1036	29	223
1037	29	222
1038	29	224
1039	29	223
1040	29	224
1041	29	224
1042	29	224
1043	30	225
1044	30	225
1045	30	225
1046	30	225
1047	30	225
1048	32	225
1049	30	225
1050	30	225
1051	35	226
1052	31	224
1053	34	229
1054	40	223
1055	29	225
1056	27	226
1057	37	225
1058	32	225
1059	30	226
1060	34	225
1061	33	225
1062	32	225
1063	33	225
1064	34	225
1065	34	225
1066	34	226
1067	34	225
1068	34	226
1069	34	225
1070	34	226
1071	34	225
1072	34	225
1073	36	225
1074	35	225
1075	36	226
1076	36	225
1077	36	225
1078	37	225
1079	36	225
1080	37	225
1081	37	225
1082	37	225
1083	37	225
1084	37	225
1085	38	225
1086	37	224
1087	38	225
1088	37	224
1089	41	225
1090	38	224
1091	39	225
1092	38	225
1093	39	225
1094	39	224
1095	39	225
1096	38	225
1097	40	225
1098	40	224
1099	41	225
1100	40	225
1101	41	225
1102	39	224
1103	41	225
1104	41	224
1105	41	225
1106	41	224
1107	41	224
1108	41	224
1109	41	224
1110	41	224
1111	41	225
1112	43	224
1113	41	224
1114	43	225
1115	42	224
1116	42	225
1117	43	224
1118	42	224
1119	43	224
1120	43	224
1121	43	224
1122	44	223
1123	44	224
1124	45	224
1125	43	224
1126	45	224
1127	44	224
1128	45	224
1129	45	224
1130	45	224
1131	45	224
1132	45	224
1133	45	224
1134	46	223
1135	46	224
1136	46	223
1137	46	223
1138	46	223
1139	46	224
1140	49	223
1141	45	223
1142	46	224
1143	48	223
1144	47	224
1145	49	223
1146	47	223
1147	49	224
1148	49	224
1149	49	223
1150	47	223
1151	49	223
1152	49	223
1153	50	224
1154	49	223
1155	49	223
1156	49	223
1157	49	223
1158	50	224
1159	49	223
1160	50	223
1161	50	224
1162	50	223
1163	50	224
1164	50	223
1165	50	224
1166	51	223
1167	50	223
1168	53	223
1169	51	223
1170	52	223
1171	51	223
1172	53	223
1173	53	223
1174	52	223
1175	53	223
1176	53	223
1177	53	223
1178	53	223
1179	54	223
1180	53	223
1181	54	223
1182	53	222
1183	54	223
1184	54	223
1185	53	223
1186	54	223
1187	54	223
1188	54	223
1189	54	222
1190	55	223
1191	55	223
1192	54	223
1193	55	223
1194	56	223
1195	56	223
1196	57	223
1197	56	223
1198	57	223
1199	57	223
1200	57	224
1201	57	223
1202	57	224
1203	57	223
1204	57	223
1205	57	223
1206	58	224
1207	57	223
1208	58	224
1209	57	223
1210	58	223
1211	58	223
1212	58	223
1213	58	223
1214	58	223
1215	58	223
1216	59	223
1217	61	223
1218	59	223
1219	60	224
1220	59	223
1221	60	224
1222	60	223
1223	60	223
1224	60	222
1225	61	223
1226	60	223
1227	61	223
1228	61	223
1229	61	223
1230	61	223
1231	61	223
1232	61	223
1233	61	223
1234	62	223
1235	61	223
1236	61	223
1237	62	223
1238	62	223
1239	62	223
1240	62	223
1241	62	223
1242	64	223
1243	62	223
1244	63	223
1245	63	223
1246	64	223
1247	63	223
1248	63	223
1249	65	223
1250	64	223
1251	65	223
1252	63	222
1253	65	223
1254	65	223
1255	65	223
1256	65	223
1257	65	223
1258	65	223
1259	65	223
1260	65	222
1261	65	223
1262	66	223
1263	65	223
1264	66	223
1265	66	223
1266	65	223
1267	66	223
1268	66	223
1269	66	223
1270	66	223
1271	67	223
1272	67	222
1273	67	223
1274	67	223
1275	68	223
1276	67	223
1277	67	223
1278	69	223
1279	68	223
1280	69	223
1281	69	223
1282	69	224
1283	68	222
1284	69	223
1285	69	222
1286	70	223
1287	69	223
1288	69	223
1289	69	223
1290	69	222
1291	69	222
1292	69	222
1293	70	223
1294	70	223
1295	70	223
1296	71	223
1297	70	223
1298	70	223
1299	70	223
1300	70	223
1301	72	223
1302	71	222
1303	72	223
1304	72	222
1305	72	223
1306	73	222
1307	72	222
1308	73	222
1309	73	223
1310	73	223
1311	73	223
1312	73	223
1313	73	223
1314	73	222
1315	74	223
1316	73	222
1317	74	223
1318	73	222
1319	74	223
1320	74	222
1321	74	223
1322	73	222
1323	75	223
1324	74	222
1325	74	223
1326	74	223
1327	74	223
1328	75	223
1329	75	223
1330	75	223
1331	76	223
1332	77	223
1333	76	223
1334	77	223
1335	77	223
1336	76	223
1337	77	223
1338	77	223
1339	77	224
1340	77	223
1341	77	223
1342	77	223
1343	77	223
1344	77	223
1345	79	224
1346	77	223
1347	78	223
1348	78	223
1349	78	223
1350	78	223
1351	78	224
1352	78	223
1353	79	223
1354	78	223
1355	80	223
1356	78	223
1357	80	224
1358	78	223
1359	78	223
1360	80	223
1361	78	223
1362	79	223
1363	80	223
1364	80	223
1365	79	223
1366	81	223
1367	80	223
1368	81	224
1369	81	223
1370	81	223
1371	81	222
1372	81	223
1373	82	223
1374	81	223
1375	81	223
1376	82	223
1377	82	223
1378	81	223
1379	82	224
1380	82	223
1381	82	223
1382	82	223
1383	82	223
1384	82	223
1385	83	223
1386	84	223
1387	82	223
1388	83	223
1389	83	223
1390	84	223
1391	83	223
1392	84	223
1393	84	223
1394	85	223
1395	85	223
1396	83	223
1397	85	223
1398	85	223
1399	85	223
1400	84	224
1401	85	223
1402	85	223
1403	85	224
1404	85	223
1405	86	223
1406	85	223
1407	86	224
1408	86	223
1409	88	224
1410	85	222
1411	87	224
1412	86	223
1413	86	223
1414	87	223
1415	85	223
1416	87	223
1417	86	223
1418	86	223
1419	88	223
1420	86	223
1421	88	223
1422	87	223
1423	89	223
1424	87	223
1425	88	223
1426	88	223
1427	88	223
1428	88	223
1429	89	223
1430	88	223
1431	89	224
1432	89	222
1433	89	224
1434	89	223
1435	89	223
1436	89	223
1437	89	223
1438	89	223
1439	90	223
1440	90	223
1441	89	223
1442	90	224
1443	89	223
1444	90	223
1445	90	223
1446	90	223
1447	91	223
1448	90	223
1449	90	223
1450	91	223
1451	91	223
1452	91	223
1453	91	223
1454	92	224
1455	90	223
1456	93	224
1457	91	223
1458	93	224
1459	92	223
1460	93	224
1461	93	224
1462	93	224
1463	93	223
1464	93	224
1465	93	224
1466	93	223
1467	93	224
1468	93	223
1469	93	223
1470	94	224
1471	94	223
1472	93	224
1473	94	224
1474	94	224
1475	94	223
1476	94	224
1477	94	223
1478	94	224
1479	94	223
1480	94	224
1481	95	224
1482	95	224
1483	94	224
1484	95	224
1485	94	224
1486	96	223
1487	95	224
1488	96	224
1489	95	223
1490	96	224
1491	96	224
1492	95	223
1493	97	224
1494	96	223
1495	97	223
1496	97	224
1497	97	224
1498	96	223
1499	97	223
1500	97	224
1501	97	224
1502	97	224
1503	97	224
1504	97	223
1505	98	224
1506	97	223
1507	98	224
1508	98	224
1509	98	224
1510	97	223
1511	99	224
1512	98	223
1513	98	224
1514	98	224
1515	98	224
1516	98	223
1517	99	224
1518	99	224
1519	99	224
1520	99	223
1521	99	224
1522	100	224
1523	98	223
1524	100	224
1525	100	223
1526	99	224
1527	101	224
1528	100	224
1529	101	224
1530	101	224
1531	101	224
1532	101	224
1533	101	224
1534	101	224
1535	101	224
1536	101	224
1537	102	224
1538	101	224
1539	102	224
1540	101	224
1541	101	224
1542	101	224
1543	101	224
1544	102	224
1545	101	223
1546	102	224
1547	102	224
1548	102	224
1549	102	224
1550	104	224
1551	102	224
1552	103	224
1553	102	224
1554	102	224
1555	103	224
1556	103	224
1557	103	224
1558	103	224
1559	105	224
1560	104	223
1561	103	224
1562	105	224
1563	104	224
1564	105	223
1565	104	223
1566	105	223
1567	103	223
1568	105	224
1569	104	224
1570	105	224
1571	105	224
1572	105	224
1573	105	224
1574	105	224
1575	105	224
1576	106	224
1577	105	224
1578	105	224
1579	106	224
1580	105	224
1581	106	224
1582	106	225
1583	106	224
1584	106	224
1585	107	225
1586	106	225
1587	106	224
1588	106	224
1589	107	225
1590	107	225
1591	107	225
1592	107	225
1593	107	225
1594	108	225
1595	107	225
1596	108	225
1597	107	224
1598	109	225
1599	109	224
1600	107	224
1601	110	225
1602	109	225
1603	108	225
1604	109	225
1605	109	224
1606	109	225
1607	109	225
1608	109	225
1609	109	225
1610	109	225
1611	110	224
1612	109	225
1613	109	224
1614	109	225
1615	109	224
1616	110	225
1617	110	224
1618	110	225
1619	110	224
1620	110	225
1621	109	225
1622	110	225
1623	110	224
1624	112	225
1625	110	225
1626	111	225
1627	111	225
1628	110	224
1629	110	225
1630	112	224
1631	111	225
1632	113	225
1633	111	225
1634	111	224
1635	113	225
1636	112	224
1637	113	225
1638	113	224
1639	113	225
1640	112	224
1641	113	225
1642	113	224
1643	113	225
1644	113	225
1645	113	225
1646	113	224
1647	113	225
1648	113	225
1649	113	225
1650	113	225
1651	113	225
1652	114	224
1653	113	224
1654	114	225
1655	113	225
1656	114	225
1657	113	225
1658	114	225
1659	114	225
1660	114	224
1661	114	224
1662	114	225
1663	114	225
1664	114	225
1665	117	225
1666	115	225
1667	115	225
1668	114	225
1669	115	226
1670	116	224
1671	114	225
1672	116	225
1673	115	225
1674	116	225
1675	117	224
1676	117	225
1677	116	224
1678	116	224
1679	117	225
1680	117	225
1681	117	224
1682	117	225
1683	117	225
1684	116	224
1685	117	225
1686	117	224
1687	117	224
1688	117	225
1689	117	224
1690	118	225
1691	117	224
1692	117	225
1693	118	224
1694	118	225
1695	117	224
1696	118	225
1697	118	224
1698	118	225
1699	118	224
1700	118	225
1701	118	224
1702	118	224
1703	118	224
1704	119	224
1705	118	225
1706	120	225
1707	118	225
1708	120	225
1709	120	225
1710	120	225
1711	120	225
1712	120	225
1713	120	225
1714	120	225
1715	120	225
1716	120	225
1717	121	225
1718	120	226
1719	121	225
1720	121	226
1721	120	225
1722	120	225
1723	121	226
1724	120	225
1725	121	225
1726	121	224
1727	121	225
1728	121	225
1729	123	226
1730	121	225
1731	122	225
1732	121	225
1733	122	225
1734	121	225
1735	121	225
1736	122	225
1737	121	225
1738	122	225
1739	121	226
1740	122	225
1741	121	225
1742	122	225
1743	122	225
1744	123	225
1745	122	225
1746	122	225
1747	122	225
1748	123	225
1749	124	226
1750	122	225
1751	123	225
1752	124	225
1753	122	225
1754	123	225
1755	124	226
1756	123	225
1757	124	225
1758	124	225
1759	125	225
1760	124	225
1761	125	225
1762	125	225
1763	125	225
1764	125	225
1765	125	225
1766	125	225
1767	125	226
1768	125	225
1769	123	225
1770	125	225
1771	125	224
1772	125	225
1773	125	225
1774	126	225
1775	125	225
1776	125	225
1777	125	225
1778	126	225
1779	125	225
1780	126	226
1781	126	225
1782	126	225
1783	126	225
1784	126	225
1785	126	225
1786	126	225
1787	126	226
1788	126	225
1789	126	226
1790	126	225
1791	126	225
1792	128	225
1793	128	227
1794	127	225
1795	126	225
1796	129	225
1797	127	225
1798	127	226
1799	127	225
1800	128	226
1801	128	225
1802	128	225
1803	128	225
1804	128	225
1805	129	225
1806	127	225
1807	128	225
1808	129	225
1809	129	225
1810	129	225
1811	129	225
1812	128	225
1813	129	226
1814	129	225
1815	129	226
1816	129	225
1817	129	226
1818	129	225
1819	129	226
1820	129	225
1821	129	226
1822	130	225
1823	129	225
1824	130	226
1825	129	225
1826	129	225
1827	130	225
1828	129	225
1829	130	225
1830	129	226
1831	130	226
1832	130	225
1833	129	226
1834	133	225
1835	125	225
1836	129	227
1837	135	225
1838	130	225
1839	129	226
1840	133	225
1841	131	226
1842	131	226
1843	132	226
1844	133	226
1845	131	226
1846	132	225
1847	132	226
1848	133	225
1849	131	226
1850	133	226
1851	132	225
1852	133	227
1853	131	226
1854	133	226
1855	133	226
1856	133	226
1857	134	226
1858	133	226
1859	133	226
1860	133	226
1861	133	226
1862	133	226
1863	133	226
1864	134	226
1865	133	226
1866	134	226
1867	133	226
1868	133	226
1869	134	226
1870	134	226
1871	134	226
1872	133	226
1873	134	226
1874	133	225
1875	134	226
1876	133	225
1877	134	226
1878	135	226
1879	134	226
1880	134	226
1881	135	226
1882	135	226
1883	134	226
1884	134	226
1885	136	226
1886	134	226
1887	135	226
1888	135	226
1889	136	226
1890	134	226
1891	135	226
1892	137	226
1893	136	226
1894	136	226
1895	135	226
1896	137	226
1897	135	226
1898	136	227
1899	136	225
1900	136	226
1901	137	226
1902	137	226
1903	137	226
1904	136	225
1905	137	226
1906	137	226
1907	137	226
1908	137	225
1909	137	226
1910	137	225
1911	137	226
1912	137	226
1913	137	226
1914	137	226
1915	137	226
1916	137	225
1917	137	226
1918	138	225
1919	137	226
1920	137	226
1921	140	227
1922	137	225
1923	137	227
1924	138	225
1925	137	226
1926	138	226
1927	138	226
1928	138	225
1929	138	226
1930	139	226
1931	137	226
1932	140	227
1933	138	225
1934	138	227
1935	140	226
1936	138	225
1937	139	226
1938	139	226
1939	138	226
1940	139	226
1941	139	226
1942	140	226
1943	139	226
1944	141	227
1945	139	225
1946	139	226
1947	140	226
1948	140	226
1949	141	225
1950	140	226
1951	139	226
1952	141	226
1953	140	226
1954	141	226
1955	141	225
1956	141	226
1957	141	226
1958	141	226
1959	141	226
1960	141	226
1961	141	227
1962	141	226
1963	141	226
1964	141	226
1965	142	226
1966	141	227
1967	142	227
1968	141	226
1969	142	227
1970	142	226
1971	141	227
1972	142	226
1973	141	226
1974	142	227
1975	141	226
1976	142	226
1977	142	226
1978	142	227
1979	142	227
1980	142	227
1981	143	227
1982	142	226
1983	142	226
1984	142	227
1985	145	227
1986	144	227
1987	142	226
1988	143	227
1989	143	227
1990	144	227
1991	143	227
1992	142	227
1993	144	227
1994	143	227
1995	145	227
1996	143	226
1997	145	227
1998	144	226
1999	144	227
2000	145	226
2001	145	227
2002	145	226
2003	145	226
2004	145	227
2005	144	226
2006	145	227
2007	145	226
2008	145	227
2009	145	226
2010	145	227
2011	145	226
2012	145	226
2013	145	227
2014	145	227
2015	145	226
2016	145	227
2017	145	227
2018	145	226
2019	146	227
2020	145	227
2021	146	227
2022	145	226
2023	146	227
2024	145	227
2025	146	226
2026	146	227
2027	146	226
2028	146	227
2029	146	226
2030	146	227
2031	146	227
2032	146	227
2033	146	227
2034	147	227
2035	146	226
2036	146	227
2037	146	227
2038	146	226
2039	146	227
2040	147	226
2041	147	227
2042	147	227
2043	148	227
2044	146	226
2045	147	227
2046	147	226
2047	147	226
2048	147	226
2049	149	227
2050	148	226
2051	149	227
2052	148	227
2053	147	226
2054	148	227
2055	149	227
2056	149	227
2057	148	227
2058	149	227
2059	149	227
2060	149	227
2061	148	227
2062	149	227
2063	148	227
2064	149	227
2065	149	226
2066	149	227
2067	149	227
2068	149	227
2069	149	227
2070	149	226
2071	149	227
2072	150	226
2073	149	227
2074	150	227
2075	149	226
2076	150	227
2077	150	226
2078	150	226
2079	150	227
2080	150	226
2081	150	226
2082	150	227
2083	150	227
2084	150	227
2085	150	226
2086	150	226
2087	150	227
2088	150	226
2089	150	227
2090	150	227
2091	150	227
2092	151	227
2093	150	227
2094	151	227
2095	151	227
2096	152	227
2097	151	227
2098	152	227
2099	151	227
2100	152	228
2101	152	227
2102	152	227
2103	150	227
2104	153	228
2105	152	227
2106	152	227
2107	153	227
2108	151	227
2109	153	227
2110	152	227
2111	153	228
2112	153	227
2113	153	227
2114	153	227
2115	153	227
2116	153	227
2117	153	227
2118	153	227
2119	153	228
2120	153	227
2121	153	228
2122	153	226
2123	153	227
2124	154	227
2125	153	227
2126	153	228
2127	153	227
2128	153	227
2129	153	227
2130	154	227
2131	153	227
2132	153	227
2133	154	228
2134	153	227
2135	154	227
2136	153	226
2137	154	228
2138	153	227
2139	154	228
2140	154	227
2141	155	227
2142	153	227
2143	154	228
2144	154	227
2145	154	227
2146	154	227
2147	154	227
2148	154	226
2149	154	227
2150	156	227
2151	154	227
2152	155	227
2153	154	227
2154	154	227
2155	155	228
2156	155	227
2157	155	227
2158	154	226
2159	154	227
2160	157	227
2161	155	226
2162	155	227
2163	155	226
2164	154	227
2165	156	227
2166	157	227
2167	155	227
2168	156	227
2169	157	227
2170	156	227
2171	156	228
2172	156	227
2173	157	228
2174	155	227
2175	157	228
2176	156	227
2177	157	228
2178	157	227
2179	157	227
2180	157	227
2181	157	227
2182	157	226
2183	157	227
2184	157	227
2185	157	227
2186	157	227
2187	157	227
2188	158	227
2189	157	227
2190	157	227
2191	157	227
2192	157	227
2193	157	227
2194	157	227
2195	157	227
2196	157	227
2197	158	227
2198	157	226
2199	157	227
2200	158	227
2201	157	227
2202	158	227
2203	158	227
2204	158	227
2205	157	227
2206	158	227
2207	158	227
2208	158	227
2209	158	227
2210	158	227
2211	158	227
2212	158	227
2213	158	227
2214	158	227
2215	159	227
2216	158	227
2217	158	227
2218	158	227
2219	159	227
2220	159	227
2221	159	227
2222	158	227
2223	159	228
2224	158	227
2225	160	228
2226	159	228
2227	161	227
2228	159	227
2229	160	228
2230	160	227
2231	159	227
2232	161	227
2233	159	227
2234	160	228
2235	160	227
2236	160	228
2237	161	227
2238	160	228
2239	161	227
2240	160	227
2241	162	228
2242	160	227
2243	161	228
2244	161	227
2245	161	228
2246	161	227
2247	161	228
2248	161	227
2249	161	227
2250	161	227
2251	161	227
2252	161	227
2253	161	228
2254	161	227
2255	161	228
2256	161	228
2257	161	228
2258	161	227
2259	161	227
2260	162	228
2261	161	227
2262	161	228
2263	162	227
2264	161	228
2265	162	227
2266	161	228
2267	161	228
2268	161	227
2269	162	227
2270	162	227
2271	162	228
2272	162	228
2273	161	228
2274	162	228
2275	161	227
2276	162	228
2277	162	227
2278	162	227
2279	162	227
2280	162	227
2281	162	228
2282	162	227
2283	162	228
2284	162	227
2285	163	227
2286	163	227
2287	162	227
2288	163	228
2289	163	227
2290	162	228
2291	163	227
2292	164	228
2293	164	227
2294	163	228
2295	163	227
2296	164	228
2297	164	227
2298	164	228
2299	164	228
2300	164	228
2301	163	228
2302	164	228
2303	163	228
2304	163	227
2305	165	228
2306	165	227
2307	164	227
2308	164	228
2309	165	227
2310	165	228
2311	165	228
2312	165	228
2313	165	228
2314	165	228
2315	165	228
2316	164	227
2317	165	228
2318	165	227
2319	165	227
2320	165	227
2321	165	227
2322	165	228
2323	165	228
2324	165	227
2325	165	228
2326	165	227
2327	165	228
2328	165	227
2329	166	228
2330	165	227
2331	165	228
2332	165	227
2333	165	227
2334	165	227
2335	166	228
2336	165	228
2337	166	227
2338	165	227
2339	165	227
2340	166	227
2341	165	227
2342	166	228
2343	166	227
2344	165	228
2345	167	228
2346	166	227
2347	166	228
2348	166	227
2349	166	228
2350	167	228
2351	166	228
2352	166	228
2353	166	227
2354	167	228
2355	166	228
2356	166	228
2357	167	228
2358	167	228
2359	167	228
2360	168	228
2361	166	228
2362	167	228
2363	167	228
2364	168	229
2365	166	227
2366	168	228
2367	166	228
2368	169	229
2369	169	227
2370	169	228
2371	167	228
2372	168	228
2373	168	228
2374	168	228
2375	168	228
2376	168	228
2377	169	228
2378	168	228
2379	168	229
2380	169	228
2381	167	228
2382	169	228
2383	168	228
2384	169	228
2385	168	228
2386	169	228
2387	168	227
2388	169	228
2389	169	228
2390	169	228
2391	169	228
2392	169	228
2393	169	228
2394	169	228
2395	169	228
2396	169	228
2397	169	228
2398	169	228
2399	169	228
2400	169	228
2401	169	228
2402	169	228
2403	169	228
2404	169	227
2405	170	228
2406	169	228
2407	170	228
2408	170	228
2409	169	228
2410	169	228
2411	169	228
2412	170	228
2413	169	228
2414	170	228
2415	169	228
2416	170	228
2417	170	228
2418	169	228
2419	170	228
2420	170	227
2421	170	228
2422	170	227
2423	170	227
2424	170	228
2425	171	227
2426	170	228
2427	170	228
2428	170	228
2429	171	228
2430	170	228
2431	170	228
2432	170	228
2433	173	228
2434	170	228
2435	170	228
2436	170	228
2437	170	228
2438	171	228
2439	171	228
2440	173	228
2441	171	228
2442	172	228
2443	170	228
2444	171	228
2445	171	228
2446	170	228
2447	172	228
2448	173	228
2449	170	228
2450	173	228
2451	172	228
2452	171	228
2453	172	228
2454	172	227
2455	171	228
2456	173	228
2457	171	228
2458	172	227
2459	173	228
2460	172	227
2461	173	228
2462	173	228
2463	173	228
2464	173	228
2465	173	228
2466	173	228
2467	173	228
2468	173	228
2469	172	228
2470	174	228
2471	172	227
2472	173	228
2473	173	227
2474	174	228
2475	173	227
2476	173	228
2477	173	228
2478	173	228
2479	173	228
2480	173	228
2481	173	228
2482	173	228
2483	173	229
2484	174	228
2485	173	229
2486	173	228
2487	173	229
2488	174	228
2489	173	228
2490	174	228
2491	173	229
2492	173	228
2493	174	228
2494	174	228
2495	174	228
2496	174	228
2497	176	229
2498	174	228
2499	174	228
2500	175	228
2501	173	228
2502	174	228
2503	175	228
2504	174	228
2505	174	228
2506	176	228
2507	174	228
2508	175	229
2509	174	228
2510	174	228
2511	175	228
2512	174	229
2513	175	228
2514	175	229
2515	175	228
2516	174	228
2517	176	228
2518	175	228
2519	176	228
2520	174	228
2521	175	228
2522	176	228
2523	174	228
2524	177	228
2525	175	228
2526	176	229
2527	175	228
2528	175	228
2529	176	228
2530	177	228
2531	175	229
2532	177	228
2533	176	228
2534	177	228
2535	176	228
2536	176	228
2537	177	228
2538	176	228
2539	176	228
2540	177	229
2541	177	229
2542	175	228
2543	177	229
2544	177	228
2545	177	229
2546	176	227
2547	177	229
2548	177	228
2549	177	228
2550	177	228
2551	177	228
2552	177	228
2553	177	228
2554	177	228
2555	177	228
2556	177	228
2557	177	229
2558	178	229
2559	177	228
2560	177	229
2561	179	228
2562	177	228
2563	177	228
2564	177	228
2565	177	228
2566	177	228
2567	177	229
2568	177	228
2569	177	228
2570	178	228
2571	177	228
2572	178	228
2573	177	228
2574	178	229
2575	177	228
2576	177	228
2577	178	228
2578	178	228
2579	177	229
2580	178	229
2581	178	229
2582	177	228
2583	178	229
2584	178	228
2585	178	228
2586	178	228
2587	178	228
2588	178	229
2589	178	227
2590	178	228
2591	178	228
2592	178	228
2593	178	228
2594	178	228
2595	178	228
2596	178	229
2597	178	228
2598	179	229
2599	179	227
2600	179	229
2601	178	228
2602	178	228
2603	179	228
2604	179	229
2605	179	229
2606	179	228
2607	179	229
2608	180	228
2609	179	229
2610	181	229
2611	178	229
2612	181	229
2613	178	229
2614	181	230
2615	179	227
2616	178	231
2617	188	228
2618	180	228
2619	177	229
2620	182	229
2621	182	229
2622	178	229
2623	181	229
2624	180	228
2625	181	229
2626	180	229
2627	181	229
2628	181	229
2629	181	229
2630	180	229
2631	181	229
2632	181	228
2633	181	229
2634	181	228
2635	181	229
2636	181	228
2637	181	229
2638	181	228
2639	180	229
2640	182	229
2641	179	229
2642	182	229
2643	181	228
2644	181	229
2645	181	228
2646	181	228
2647	181	229
2648	181	228
2649	181	229
2650	181	228
2651	182	229
2652	181	228
2653	181	229
2654	181	228
2655	182	229
2656	181	229
2657	182	228
2658	182	229
2659	181	229
2660	182	228
2661	181	229
2662	182	229
2663	181	228
2664	182	229
2665	182	229
2666	182	229
2667	182	229
2668	182	229
2669	181	228
2670	182	229
2671	182	228
2672	182	229
2673	182	229
2674	181	229
2675	182	229
2676	182	228
2677	183	229
2678	182	228
2679	183	229
2680	183	228
2681	182	229
2682	182	229
2683	182	228
2684	184	228
2685	182	228
2686	182	229
2687	182	228
2688	182	229
2689	185	229
2690	182	228
2691	183	229
2692	183	228
2693	183	229
2694	182	228
2695	182	229
2696	183	228
2697	182	228
2698	183	228
2699	184	228
2700	182	228
2701	183	229
2702	184	229
2703	183	228
2704	182	228
2705	184	228
2706	182	229
2707	184	229
2708	183	228
2709	184	229
2710	184	228
2711	183	229
2712	184	228
2713	184	228
2714	184	228
2715	182	228
2716	185	229
2717	184	228
2718	184	228
2719	184	228
2720	184	228
2721	184	229
2722	185	228
2723	184	229
2724	184	228
2725	185	228
2726	184	227
2727	184	229
2728	185	228
2729	185	228
2730	184	228
2731	185	229
2732	185	228
2733	185	228
2734	185	229
2735	185	229
2736	185	229
2737	185	229
2738	185	229
2739	185	229
2740	185	229
2741	185	229
2742	185	229
2743	185	229
2744	185	229
2745	185	229
2746	185	229
2747	185	229
2748	185	229
2749	185	229
2750	186	229
2751	185	228
2752	185	229
2753	187	229
2754	185	229
2755	186	229
2756	185	229
2757	185	229
2758	186	229
2759	185	229
2760	186	229
2761	185	229
2762	186	229
2763	185	228
2764	186	229
2765	185	229
2766	186	229
2767	186	229
2768	186	229
2769	185	229
2770	186	229
2771	185	229
2772	186	229
2773	186	229
2774	186	229
2775	186	229
2776	186	229
2777	185	229
2778	187	229
2779	186	228
2780	186	229
2781	186	229
2782	186	229
2783	186	229
2784	186	229
2785	187	229
2786	186	229
2787	186	229
2788	186	229
2789	186	229
2790	187	229
2791	186	229
2792	187	229
2793	186	228
2794	187	229
2795	187	228
2796	186	229
2797	186	228
2798	188	228
2799	186	228
2800	187	228
2801	186	229
2802	187	229
2803	187	229
2804	187	229
2805	186	228
2806	188	229
2807	187	229
2808	188	229
2809	187	229
2810	187	229
2811	189	229
2812	187	229
2813	189	229
2814	187	228
2815	187	229
2816	187	229
2817	189	229
2818	188	228
2819	187	229
2820	189	229
2821	187	229
2822	189	229
2823	187	229
2824	189	229
2825	189	229
2826	188	229
2827	189	229
2828	187	229
2829	189	229
2830	189	228
2831	187	229
2832	188	229
2833	189	228
2834	189	229
2835	189	229
2836	188	229
2837	189	229
2838	188	229
2839	189	229
2840	189	229
2841	189	229
2842	189	229
2843	189	229
2844	189	229
2845	189	229
2846	189	229
2847	189	229
2848	189	229
2849	189	229
2850	189	229
2851	188	228
2852	189	229
2853	189	228
2854	189	229
2855	189	229
2856	189	229
2857	189	229
2858	190	229
2859	189	229
2860	189	229
2861	189	229
2862	189	229
2863	189	229
2864	190	229
2865	189	229
2866	189	229
2867	190	229
2868	189	229
2869	189	229
2870	190	229
2871	189	229
2872	190	230
2873	190	229
2874	190	229
2875	189	229
2876	190	229
2877	189	229
2878	190	229
2879	189	229
2880	190	229
2881	191	229
2882	190	229
2883	190	229
2884	190	229
2885	190	229
2886	190	229
2887	190	229
2888	190	229
2889	190	229
2890	190	229
2891	190	229
2892	191	229
2893	190	229
2894	190	229
2895	190	229
2896	190	229
2897	190	229
2898	190	229
2899	190	229
2900	190	229
2901	191	229
2902	190	229
2903	191	229
2904	190	229
2905	190	229
2906	190	229
2907	191	229
2908	190	229
2909	190	229
2910	191	229
2911	190	229
2912	190	229
2913	191	229
2914	192	229
2915	191	229
2916	191	229
2917	191	229
2918	191	229
2919	192	229
2920	190	229
2921	192	229
2922	192	229
2923	190	229
2924	191	229
2925	193	229
2926	190	229
2927	192	229
2928	193	229
2929	191	229
2930	190	229
2931	193	229
2932	193	229
2933	190	229
2934	192	229
2935	193	229
2936	191	229
2937	193	229
2938	192	229
2939	191	229
2940	192	229
2941	192	229
2942	193	229
2943	190	229
2944	192	229
2945	193	229
2946	193	229
2947	192	229
2948	193	229
2949	193	229
2950	192	229
2951	192	229
2952	192	228
2953	193	229
2954	192	229
2955	193	229
2956	193	229
2957	193	229
2958	192	229
2959	193	230
2960	192	229
2961	193	229
2962	193	229
2963	192	229
2964	193	229
2965	193	229
2966	192	229
2967	193	229
2968	193	229
2969	191	229
2970	193	229
2971	193	228
2972	193	229
2973	193	229
2974	193	229
2975	193	229
2976	193	228
2977	193	229
2978	194	229
2979	193	229
2980	193	229
2981	193	229
2982	193	229
2983	193	229
2984	193	229
2985	193	229
2986	193	229
2987	193	229
2988	193	229
2989	193	229
2990	193	229
2991	193	229
2992	193	229
2993	193	229
2994	194	229
2995	193	229
2996	194	229
2997	193	229
2998	193	230
2999	193	229
3000	194	229
3001	194	229
3002	194	229
3003	194	229
3004	193	229
3005	194	229
3006	193	229
3007	193	229
3008	193	229
3009	195	229
3010	193	229
3011	194	229
3012	194	229
3013	194	229
3014	194	229
3015	194	229
3016	194	229
3017	194	230
3018	194	229
3019	193	229
3020	195	230
3021	193	229
3022	194	230
3023	193	229
3024	194	229
3025	194	229
3026	194	229
3027	194	229
3028	194	230
3029	194	229
3030	194	229
3031	195	229
3032	195	230
3033	194	230
3034	194	229
3035	195	230
3036	195	229
3037	195	230
3038	194	229
3039	195	230
3040	194	229
3041	195	230
3042	194	229
3043	195	229
3044	195	229
3045	195	229
3046	195	229
3047	194	229
3048	195	229
3049	194	229
3050	197	229
3051	194	229
3052	195	230
3053	196	229
3054	195	230
3055	196	229
3056	194	229
3057	196	229
3058	195	229
3059	195	229
3060	195	229
3061	196	230
3062	197	229
3063	195	229
3064	196	229
3065	195	229
3066	196	229
3067	195	229
3068	196	229
3069	195	229
3070	197	229
3071	195	229
3072	197	229
3073	197	229
3074	196	229
3075	196	229
3076	196	229
3077	195	229
3078	197	229
3079	196	229
3080	196	230
3081	197	229
3082	195	229
3083	197	229
3084	196	229
3085	197	230
3086	196	229
3087	197	229
3088	196	229
3089	196	229
3090	197	229
3091	197	229
3092	197	229
3093	197	229
3094	197	229
3095	197	229
3096	197	230
3097	197	229
3098	197	229
3099	197	229
3100	197	229
3101	197	229
3102	197	229
3103	197	229
3104	197	229
3105	197	229
3106	197	229
3107	197	228
3108	197	229
3109	197	229
3110	197	229
3111	197	229
3112	197	229
3113	197	229
3114	197	229
3115	197	229
3116	197	229
3117	197	229
3118	197	229
3119	196	229
3120	198	230
3121	197	229
3122	197	230
3123	197	230
3124	197	230
3125	197	229
3126	197	229
3127	197	229
3128	197	231
3129	197	230
3130	198	229
3131	197	229
3132	198	229
3133	197	230
3134	197	229
3135	197	230
3136	198	229
3137	199	230
3138	198	229
3139	198	229
3140	198	229
3141	198	229
3142	197	229
3143	198	230
3144	198	229
3145	197	230
3146	198	229
3147	198	230
3148	197	229
3149	198	230
3150	198	229
3151	198	229
3152	198	229
3153	198	229
3154	198	230
3155	198	229
3156	198	229
3157	198	229
3158	199	229
3159	198	229
3160	198	230
3161	199	229
3162	197	229
3163	199	231
3164	198	229
3165	198	230
3166	198	229
3167	198	229
3168	198	229
3169	198	229
3170	199	229
3171	198	229
3172	199	229
3173	198	230
3174	198	229
3175	198	229
3176	199	230
3177	198	229
3178	199	229
3179	198	229
3180	199	229
3181	199	229
3182	198	230
3183	199	229
3184	199	229
3185	198	229
3186	200	229
3187	198	229
3188	200	229
3189	198	229
3190	199	229
3191	198	229
3192	199	229
3193	199	229
3194	199	230
3195	200	230
3196	199	229
3197	199	229
3198	200	229
3199	198	229
3200	201	230
3201	200	229
3202	201	230
3203	198	229
3204	200	230
3205	199	229
3206	200	230
3207	198	229
3208	200	229
3209	199	229
3210	200	229
3211	199	229
3212	199	229
3213	201	229
3214	201	229
3215	199	229
3216	200	229
3217	199	229
3218	200	229
3219	200	229
3220	199	229
3221	200	229
3222	200	229
3223	201	229
3224	200	229
3225	201	229
3226	201	229
3227	200	229
3228	201	229
3229	201	229
3230	201	229
3231	200	229
3232	201	229
3233	200	229
3234	201	229
3235	201	229
3236	200	229
3237	201	229
3238	200	229
3239	200	229
3240	201	230
3241	201	229
3242	201	229
3243	201	229
3244	200	229
3245	201	229
3246	200	229
3247	201	230
3248	201	229
3249	201	229
3250	201	229
3251	202	230
3252	200	230
3253	201	230
3254	201	229
3255	201	230
3256	201	229
3257	201	229
3258	201	230
3259	201	229
3260	201	230
3261	200	229
3262	201	230
3263	201	229
3264	201	230
3265	202	230
3266	202	230
3267	200	229
3268	202	230
3269	201	229
3270	201	230
3271	202	230
3272	201	229
3273	201	230
3274	202	229
3275	201	229
3276	201	229
3277	201	229
3278	201	229
3279	201	230
3280	201	229
3281	201	230
3282	201	229
3283	201	230
3284	201	229
3285	201	230
3286	202	230
3287	201	229
3288	202	230
3289	201	229
3290	202	230
3291	201	229
3292	202	230
3293	201	229
3294	202	230
3295	202	229
3296	202	230
3297	201	229
3298	202	229
3299	201	230
3300	202	230
3301	202	229
3302	202	229
3303	202	229
3304	202	229
3305	202	229
3306	202	229
3307	201	229
3308	203	230
3309	202	229
3310	202	229
3311	202	229
3312	201	230
3313	202	230
3314	202	230
3315	202	229
3316	201	230
3317	203	229
3318	202	229
3319	201	229
3320	202	230
3321	203	229
3322	202	230
3323	201	229
3324	202	229
3325	202	230
3326	202	230
3327	202	229
3328	202	230
3329	205	229
3330	202	229
3331	202	229
3332	203	229
3333	202	229
3334	202	229
3335	203	230
3336	202	229
3337	203	230
3338	202	229
3339	202	230
3340	202	230
3341	202	229
3342	203	229
3343	202	229
3344	202	230
3345	202	229
3346	202	229
3347	202	229
3348	203	229
3349	202	229
3350	203	230
3351	202	230
3352	202	229
3353	203	229
3354	202	229
3355	203	230
3356	202	229
3357	203	229
3358	203	229
3359	204	229
3360	202	229
3361	204	230
3362	203	229
3363	202	230
3364	204	229
3365	203	230
3366	204	229
3367	204	230
3368	203	229
3369	204	230
3370	204	229
3371	203	230
3372	203	229
3373	203	230
3374	205	229
3375	203	230
3376	205	230
3377	203	230
3378	205	230
3379	204	230
3380	204	230
3381	203	229
3382	204	230
3383	205	230
3384	204	230
3385	204	230
3386	205	231
3387	203	230
3388	204	230
3389	203	229
3390	204	229
3391	204	230
3392	204	229
3393	205	230
3394	205	230
3395	206	231
3396	203	230
3397	207	232
3398	206	228
3399	198	232
3400	205	231
3401	207	229
3402	201	229
3403	203	231
3404	206	230
3405	202	230
3406	205	230
3407	205	229
3408	205	231
3409	205	230
3410	204	230
3411	205	230
3412	205	230
3413	205	230
3414	204	230
3415	205	229
3416	205	229
3417	205	229
3418	204	230
3419	205	230
3420	205	230
3421	205	230
3422	205	230
3423	205	230
3424	205	230
3425	205	230
3426	205	229
3427	205	230
3428	205	230
3429	204	229
3430	205	230
3431	205	230
3432	205	230
3433	204	230
3434	205	230
3435	206	230
3436	205	229
3437	205	230
3438	205	229
3439	205	229
3440	205	229
3441	205	230
3442	205	229
3443	206	230
3444	205	230
3445	205	230
3446	205	230
3447	205	229
3448	205	230
3449	206	230
3450	205	229
3451	205	230
3452	205	230
3453	205	230
3454	206	230
3455	206	230
3456	205	230
3457	205	231
3458	206	230
3459	205	229
3460	206	231
3461	205	229
3462	205	230
3463	206	229
3464	205	229
3465	206	230
3466	205	229
3467	205	230
3468	205	230
3469	206	230
3470	205	229
3471	205	230
3472	206	230
3473	205	230
3474	205	229
3475	206	229
3476	206	229
3477	205	229
3478	206	229
3479	205	229
3480	206	230
3481	205	229
3482	206	229
3483	205	229
3484	206	229
3485	205	229
3486	206	230
3487	205	229
3488	205	230
3489	206	229
3490	205	229
3491	206	230
3492	205	229
3493	206	230
3494	205	229
3495	206	230
3496	205	229
3497	206	230
3498	205	229
3499	206	230
3500	207	230
3501	206	230
3502	207	231
3503	206	229
3504	205	230
3505	206	230
3506	206	230
3507	206	230
3508	206	230
3509	206	230
3510	206	230
3511	206	230
3512	206	230
3513	206	230
3514	207	230
3515	206	230
3516	206	231
3517	207	230
3518	206	229
3519	206	230
3520	207	231
3521	208	231
3522	206	230
3523	207	231
3524	206	230
3525	206	230
3526	206	229
3527	206	230
3528	206	230
3529	206	230
3530	207	230
3531	206	230
3532	207	230
3533	206	230
3534	207	231
3535	206	230
3536	206	230
3537	207	230
3538	207	230
3539	206	230
3540	207	230
3541	206	230
3542	206	230
3543	207	230
3544	207	230
3545	206	230
3546	208	230
3547	206	229
3548	207	230
3549	207	230
3550	207	229
3551	207	230
3552	206	230
3553	206	230
3554	207	229
3555	206	230
3556	207	230
3557	207	230
3558	207	230
3559	207	230
3560	208	230
3561	206	230
3562	207	229
3563	207	230
3564	207	230
3565	208	229
3566	207	230
3567	207	230
3568	209	230
3569	207	229
3570	206	231
3571	209	230
3572	206	229
3573	209	230
3574	208	229
3575	207	230
3576	208	230
3577	208	230
3578	208	230
3579	208	230
3580	208	230
3581	208	229
3582	208	230
3583	208	230
3584	208	230
3585	209	230
3586	208	230
3587	208	230
3588	209	230
3589	207	229
3590	208	230
3591	209	229
3592	208	230
3593	207	229
3594	209	230
3595	208	230
3596	208	231
3597	208	229
3598	209	230
3599	208	230
3600	208	230
3601	209	230
3602	208	229
3603	208	230
3604	208	230
3605	209	231
3606	208	229
3607	207	230
3608	209	230
3609	207	229
3610	209	230
3611	208	229
3612	208	230
3613	208	230
3614	208	230
3615	209	229
3616	209	230
3617	208	230
3618	209	230
3619	208	229
3620	209	229
3621	208	229
3622	209	229
3623	209	229
3624	209	230
3625	209	229
3626	208	230
3627	209	230
3628	209	230
3629	209	231
3630	209	230
3631	209	231
3632	209	230
3633	209	231
3634	209	230
3635	209	231
3636	209	230
3637	209	230
3638	209	231
3639	209	230
3640	210	231
3641	208	229
3642	209	231
3643	209	230
3644	209	231
3645	210	230
3646	209	230
3647	209	231
3648	209	231
3649	210	231
3650	209	230
3651	210	231
3652	209	230
3653	210	231
3654	210	230
3655	209	230
3656	209	230
3657	209	230
3658	209	230
3659	209	231
3660	209	230
3661	209	231
3662	209	230
3663	210	230
3664	209	229
3665	210	230
3666	209	230
3667	209	230
3668	210	231
3669	209	230
3670	210	230
3671	209	230
3672	209	232
3673	211	229
3674	211	230
3675	209	229
3676	209	231
3677	210	230
3678	209	231
3679	209	230
3680	210	230
3681	210	230
3682	210	230
3683	209	230
3684	210	230
3685	209	230
3686	210	230
3687	210	230
3688	210	229
3689	209	230
3690	210	229
3691	210	230
3692	210	230
3693	210	230
3694	210	230
3695	210	230
3696	210	231
3697	209	229
3698	210	230
3699	209	229
3700	209	230
3701	210	229
3702	210	230
3703	209	229
3704	210	230
3705	210	230
3706	210	230
3707	210	230
3708	211	231
3709	210	229
3710	210	231
3711	210	230
3712	210	230
3713	212	230
3714	210	230
3715	210	230
3716	210	230
3717	210	230
3718	210	231
3719	211	230
3720	209	230
3721	210	230
3722	210	229
3723	210	231
3724	210	230
3725	210	230
3726	210	230
3727	210	230
3728	211	230
3729	210	230
3730	210	230
3731	210	229
3732	210	230
3733	210	230
3734	210	230
3735	210	229
3736	210	230
3737	211	229
3738	209	229
3739	212	230
3740	210	230
3741	210	230
3742	210	230
3743	211	230
3744	210	229
3745	210	230
3746	210	230
3747	210	230
3748	210	230
3749	210	229
3750	210	230
3751	211	230
3752	210	230
3753	210	230
3754	212	230
3755	210	230
3756	211	229
3757	210	230
3758	212	230
3759	210	230
3760	212	231
3761	210	230
3762	211	231
3763	211	230
3764	211	231
3765	211	230
3766	211	230
3767	212	231
3768	211	230
3769	211	230
3770	210	230
3771	212	230
3772	211	230
3773	210	231
3774	212	230
3775	211	230
3776	211	230
3777	213	231
3778	211	230
3779	211	231
3780	211	230
3781	210	231
3782	212	231
3783	210	230
3784	212	231
3785	211	230
3786	212	230
3787	211	230
3788	212	231
3789	212	231
3790	211	231
3791	211	230
3792	210	229
3793	211	230
3794	213	231
3795	211	230
3796	213	231
3797	211	230
3798	212	230
3799	211	230
3800	211	231
3801	213	230
3802	212	230
3803	211	230
3804	212	230
3805	212	230
3806	212	230
3807	211	230
3808	213	230
3809	211	230
3810	213	230
3811	212	230
3812	213	230
3813	212	230
3814	213	230
3815	211	230
3816	213	231
3817	212	230
3818	213	230
3819	213	230
3820	212	230
3821	212	230
3822	211	231
3823	213	230
3824	211	230
3825	212	230
3826	212	229
3827	213	230
3828	211	229
3829	213	230
3830	213	230
3831	213	231
3832	212	231
3833	213	230
3834	213	230
3835	212	231
3836	213	230
3837	211	230
3838	213	230
3839	212	230
3840	213	230
3841	214	230
3842	213	230
3843	213	230
3844	212	230
3845	213	230
3846	213	231
3847	213	230
3848	213	230
3849	213	230
3850	213	231
3851	212	230
3852	213	230
3853	213	231
3854	213	230
3855	213	230
3856	213	230
3857	213	231
3858	213	229
3859	213	230
3860	213	230
3861	213	230
3862	213	230
3863	213	230
3864	213	230
3865	213	230
3866	213	229
3867	212	230
3868	213	230
3869	212	229
3870	213	231
3871	213	230
3872	213	230
3873	213	230
3874	213	229
3875	213	231
3876	213	230
3877	213	230
3878	213	229
3879	213	230
3880	214	229
3881	213	230
3882	214	231
3883	213	230
3884	213	231
3885	214	231
3886	213	230
3887	213	230
3888	214	231
3889	213	231
3890	214	231
3891	213	230
3892	214	232
3893	213	230
3894	213	230
3895	213	230
3896	214	230
3897	214	230
3898	213	231
3899	214	230
3900	213	231
3901	214	231
3902	213	230
3903	214	231
3904	213	230
3905	215	231
3906	213	231
3907	214	231
3908	214	231
3909	213	230
3910	214	231
3911	214	230
3912	214	231
3913	214	231
3914	213	230
3915	214	231
3916	213	231
3917	213	230
3918	214	231
3919	214	231
3920	214	230
3921	213	231
3922	214	231
3923	213	231
3924	214	231
3925	214	230
3926	213	231
3927	214	231
3928	214	230
3929	213	230
3930	213	231
3931	214	231
3932	213	230
3933	214	231
3934	214	230
3935	214	231
3936	213	231
3937	214	231
3938	214	230
3939	213	230
3940	214	231
3941	214	230
3942	214	231
3943	213	230
3944	214	231
3945	214	231
3946	214	230
3947	214	230
3948	214	230
3949	213	230
3950	214	230
3951	214	230
3952	214	231
3953	214	230
3954	214	230
3955	213	230
3956	214	230
3957	214	230
3958	214	231
3959	214	230
3960	214	230
3961	214	231
3962	214	230
3963	213	230
3964	214	231
3965	214	230
3966	214	230
3967	213	231
3968	214	230
3969	216	231
3970	214	231
3971	213	230
3972	215	231
3973	214	230
3974	214	230
3975	214	230
3976	215	230
3977	213	230
3978	214	230
3979	215	230
3980	213	230
3981	214	231
3982	214	229
3983	214	231
3984	215	230
3985	214	231
3986	214	230
3987	214	230
3988	214	230
3989	214	230
3990	215	230
3991	214	229
3992	214	230
3993	214	229
3994	214	230
3995	215	230
3996	214	229
3997	214	231
3998	216	231
3999	214	230
4000	213	231
4001	214	230
4002	214	230
4003	214	229
4004	214	230
4005	214	229
4006	216	230
4007	214	229
4008	214	230
4009	216	230
4010	214	230
4011	214	230
4012	215	230
4013	215	230
4014	214	230
4015	215	231
4016	215	231
4017	214	230
4018	215	231
4019	214	230
4020	215	231
4021	214	230
4022	216	231
4023	215	231
4024	214	231
4025	215	230
4026	215	231
4027	214	230
4028	215	230
4029	215	230
4030	214	230
4031	215	230
4032	215	230
4033	217	230
4034	214	231
4035	214	231
4036	215	231
4037	214	231
4038	214	230
4039	216	231
4040	214	231
4041	215	231
4042	216	230
4043	215	230
4044	215	230
4045	215	231
4046	216	231
4047	215	230
4048	216	231
4049	214	231
4050	216	231
4051	215	230
4052	216	231
4053	216	230
4054	214	230
4055	217	231
4056	215	230
4057	215	231
4058	216	231
4059	216	230
4060	215	231
4061	216	230
4062	215	230
4063	217	230
4064	216	230
4065	216	231
4066	215	229
4067	216	231
4068	215	231
4069	217	231
4070	215	230
4071	216	231
4072	216	230
4073	216	230
4074	215	231
4075	217	230
4076	215	230
4077	214	230
4078	217	231
4079	215	229
4080	215	231
4081	216	230
4082	216	230
4083	215	230
4084	217	231
4085	215	230
4086	217	231
4087	215	230
4088	217	231
4089	216	231
4090	216	230
4091	215	230
4092	217	230
4093	214	230
4094	217	231
4095	216	230
