
TIME STEP:
125 = 0.1ms

VOLTAGE STEP:
CH1:  32 = 0.1V
CH2:  32 = 0.1V
GND	153	110
N	CH1	CH2

0	187	219
1	187	219
2	189	220
3	189	219
4	189	220
5	189	219
6	190	219
7	191	221
8	190	220
9	191	221
10	193	220
11	192	220
12	193	220
13	193	221
14	196	221
15	194	221
16	194	220
17	196	221
18	193	220
19	195	221
20	197	222
21	197	221
22	197	221
23	197	221
24	197	221
25	197	220
26	198	222
27	198	221
28	201	222
29	200	221
30	201	221
31	200	221
32	201	221
33	201	222
34	201	222
35	201	222
36	202	222
37	202	222
38	202	222
39	202	223
40	202	223
41	203	223
42	204	222
43	203	222
44	203	222
45	205	223
46	205	224
47	205	223
48	205	223
49	206	223
50	205	223
51	206	223
52	206	224
53	207	223
54	206	223
55	208	223
56	206	223
57	207	223
58	209	224
59	209	224
60	207	224
61	209	224
62	210	224
63	209	224
64	209	223
65	209	225
66	210	225
67	210	225
68	210	224
69	210	225
70	210	224
71	212	225
72	211	225
73	210	223
74	213	225
75	212	225
76	212	224
77	213	225
78	214	225
79	213	225
80	213	225
81	212	225
82	213	225
83	214	225
84	213	225
85	214	225
86	214	225
87	214	224
88	214	225
89	214	225
90	216	226
91	215	225
92	214	225
93	215	225
94	217	226
95	214	225
96	214	225
97	215	225
98	217	226
99	216	225
100	217	225
101	216	225
102	217	225
103	217	226
104	217	226
105	217	226
106	217	226
107	217	226
108	217	226
109	217	226
110	218	227
111	217	226
112	218	226
113	218	226
114	217	226
115	218	226
116	218	227
117	219	226
118	218	227
119	217	226
120	219	227
121	219	226
122	218	227
123	218	226
124	219	227
125	220	226
126	221	227
127	219	226
128	221	227
129	220	227
130	220	227
131	221	227
132	221	227
133	220	227
134	221	226
135	221	227
136	221	227
137	220	227
138	221	226
139	221	227
140	221	227
141	221	227
142	223	228
143	221	228
144	221	227
145	221	227
146	222	227
147	222	227
148	222	228
149	222	228
150	221	227
151	221	227
152	222	228
153	222	227
154	222	228
155	223	228
156	222	228
157	222	227
158	225	228
159	222	227
160	222	227
161	223	228
162	223	227
163	223	228
164	222	228
165	223	227
166	224	228
167	223	229
168	223	228
169	223	228
170	222	228
171	224	228
172	223	228
173	223	227
174	225	229
175	225	228
176	224	228
177	225	228
178	225	228
179	225	228
180	225	229
181	223	229
182	225	228
183	225	229
184	225	229
185	225	228
186	225	229
187	225	229
188	225	229
189	225	228
190	226	229
191	225	229
192	226	229
193	225	229
194	225	229
195	225	229
196	225	229
197	225	229
198	225	228
199	225	229
200	225	229
201	226	229
202	225	228
203	225	228
204	225	229
205	225	229
206	227	229
207	226	229
208	225	229
209	225	229
210	225	228
211	225	228
212	226	229
213	223	229
214	225	229
215	226	229
216	226	229
217	226	229
218	226	229
219	226	229
220	226	229
221	226	229
222	228	230
223	227	229
224	226	229
225	226	230
226	226	229
227	227	229
228	226	229
229	226	229
230	226	229
231	226	230
232	228	229
233	228	229
234	228	229
235	226	229
236	227	229
237	227	229
238	229	229
239	227	229
240	226	229
241	229	229
242	228	230
243	227	228
244	227	229
245	228	229
246	228	230
247	227	229
248	227	229
249	226	229
250	228	231
251	226	229
252	229	230
253	228	229
254	229	229
255	228	229
256	228	229
257	227	229
258	229	229
259	227	229
260	229	229
261	228	230
262	227	229
263	229	230
264	229	230
265	229	230
266	228	229
267	229	230
268	228	229
269	229	230
270	229	230
271	229	230
272	228	229
273	228	230
274	228	230
275	228	229
276	228	230
277	229	230
278	229	230
279	229	230
280	229	230
281	229	229
282	229	230
283	228	230
284	229	231
285	229	230
286	230	231
287	229	230
288	229	230
289	229	230
290	229	230
291	230	230
292	229	230
293	229	230
294	229	229
295	229	231
296	229	231
297	229	230
298	229	229
299	229	229
300	229	229
301	229	230
302	229	231
303	229	231
304	229	230
305	230	230
306	229	229
307	229	229
308	229	230
309	229	231
310	230	231
311	229	230
312	230	229
313	230	230
314	229	230
315	229	231
316	229	230
317	229	229
318	230	231
319	230	230
320	229	230
321	229	230
322	230	231
323	229	229
324	229	230
325	230	230
326	229	230
327	229	231
328	229	231
329	230	230
330	229	230
331	231	230
332	230	230
333	230	230
334	231	231
335	229	230
336	229	230
337	229	230
338	229	230
339	230	229
340	229	231
341	230	230
342	229	230
343	229	230
344	230	231
345	230	230
346	230	231
347	230	231
348	230	230
349	229	230
350	231	231
351	230	230
352	230	229
353	230	231
354	230	231
355	230	231
356	229	230
357	230	230
358	230	230
359	230	232
360	230	231
361	230	231
362	230	230
363	230	230
364	229	230
365	230	231
366	230	231
367	230	231
368	230	230
369	230	231
370	231	231
371	230	230
372	230	231
373	231	231
374	230	231
375	229	230
376	231	231
377	230	230
378	230	231
379	230	231
380	231	231
381	230	231
382	233	232
383	229	230
384	230	230
385	231	232
386	230	231
387	230	231
388	230	231
389	231	231
390	230	230
391	230	231
392	229	231
393	230	231
394	231	231
395	230	230
396	231	231
397	230	231
398	232	231
399	231	231
400	230	231
401	230	230
402	230	231
403	232	230
404	230	231
405	230	231
406	231	231
407	231	231
408	231	231
409	229	230
410	230	232
411	231	231
412	230	231
413	230	231
414	233	231
415	230	231
416	230	230
417	231	232
418	231	231
419	230	231
420	230	231
421	230	231
422	231	231
423	231	231
424	230	231
425	231	231
426	231	231
427	230	231
428	230	231
429	230	231
430	233	232
431	230	231
432	230	231
433	230	231
434	230	230
435	230	230
436	231	231
437	231	231
438	231	231
439	230	231
440	232	231
441	230	230
442	231	231
443	230	231
444	231	231
445	230	230
446	233	231
447	231	231
448	228	229
449	230	232
450	231	231
451	231	231
452	230	231
453	231	231
454	231	230
455	230	231
456	231	231
457	231	231
458	230	231
459	231	231
460	232	230
461	231	231
462	232	231
463	232	231
464	231	231
465	231	231
466	231	231
467	230	230
468	232	232
469	231	231
470	231	231
471	230	231
472	232	232
473	231	230
474	232	232
475	231	231
476	230	231
477	230	231
478	233	231
479	232	231
480	232	231
481	230	231
482	231	231
483	230	85
484	226	52
485	223	52
486	221	50
487	215	51
488	216	51
489	213	50
490	210	49
491	208	50
492	205	49
493	202	49
494	202	49
495	197	48
496	195	48
497	193	47
498	190	47
499	189	46
500	185	47
501	184	47
502	181	46
503	179	45
504	177	45
505	174	44
506	173	45
507	170	45
508	168	44
509	166	44
510	166	44
511	163	43
512	160	43
513	160	44
514	158	43
515	154	43
516	153	43
517	153	42
518	149	42
519	149	43
520	146	42
521	145	41
522	142	41
523	142	41
524	139	41
525	138	41
526	137	41
527	136	41
528	134	41
529	132	41
530	130	40
531	129	40
532	129	40
533	126	40
534	125	40
535	124	40
536	122	40
537	121	39
538	121	40
539	119	40
540	117	39
541	116	38
542	117	39
543	113	38
544	113	38
545	111	39
546	110	39
547	109	38
548	107	37
549	107	37
550	105	37
551	105	39
552	103	37
553	102	37
554	102	37
555	101	37
556	98	36
557	97	37
558	99	37
559	97	36
560	96	36
561	94	36
562	93	36
563	93	36
564	93	37
565	96	36
566	90	36
567	90	36
568	89	36
569	88	35
570	87	36
571	86	36
572	86	35
573	85	35
574	85	35
575	84	35
576	81	35
577	82	35
578	81	35
579	81	35
580	79	34
581	79	35
582	78	34
583	78	35
584	77	34
585	77	34
586	75	34
587	74	34
588	74	34
589	74	34
590	75	35
591	72	33
592	72	33
593	71	33
594	71	33
595	69	32
596	70	34
597	68	33
598	69	33
599	68	33
600	69	33
601	67	33
602	66	33
603	73	32
604	68	33
605	64	33
606	66	33
607	64	32
608	63	31
609	63	32
610	62	32
611	62	32
612	62	32
613	61	32
614	60	31
615	61	32
616	60	32
617	59	32
618	58	31
619	58	31
620	58	31
621	57	31
622	58	31
623	57	31
624	57	31
625	57	31
626	56	31
627	55	30
628	55	31
629	54	31
630	55	31
631	54	31
632	53	30
633	53	29
634	53	31
635	54	31
636	52	30
637	52	30
638	53	30
639	52	30
640	51	29
641	52	31
642	50	30
643	49	30
644	50	29
645	50	29
646	49	29
647	50	31
648	49	29
649	49	29
650	49	29
651	48	29
652	47	29
653	48	29
654	49	29
655	46	29
656	46	29
657	46	29
658	39	27
659	45	28
660	45	29
661	45	29
662	45	28
663	45	29
664	45	28
665	44	28
666	45	29
667	44	29
668	44	28
669	42	27
670	44	28
671	42	28
672	41	27
673	42	28
674	42	28
675	42	28
676	42	28
677	42	28
678	41	28
679	42	29
680	41	28
681	41	28
682	41	27
683	40	27
684	41	27
685	41	28
686	41	28
687	41	28
688	40	27
689	40	28
690	40	27
691	38	27
692	39	28
693	39	27
694	38	28
695	39	27
696	38	27
697	36	26
698	38	28
699	38	27
700	38	27
701	38	27
702	38	27
703	37	26
704	37	27
705	37	27
706	37	27
707	37	27
708	36	26
709	37	26
710	36	25
711	37	27
712	35	27
713	36	26
714	35	26
715	37	27
716	34	26
717	35	27
718	38	27
719	35	27
720	35	26
721	36	26
722	34	26
723	34	25
724	36	27
725	34	27
726	33	26
727	34	25
728	34	26
729	33	25
730	34	26
731	33	26
732	33	26
733	34	26
734	34	25
735	33	25
736	33	25
737	34	26
738	33	26
739	34	25
740	33	25
741	33	25
742	33	25
743	33	26
744	33	25
745	32	25
746	33	25
747	33	26
748	32	25
749	32	25
750	34	26
751	33	25
752	33	25
753	31	25
754	33	25
755	32	24
756	33	25
757	32	25
758	31	25
759	32	25
760	30	25
761	30	24
762	31	25
763	30	25
764	31	25
765	32	25
766	34	25
767	30	24
768	30	24
769	31	25
770	31	24
771	30	25
772	30	25
773	30	25
774	31	25
775	30	25
776	30	25
777	30	24
778	31	24
779	30	25
780	29	24
781	29	25
782	31	25
783	29	24
784	30	25
785	30	25
786	29	24
787	29	24
788	30	25
789	29	24
790	29	25
791	29	24
792	29	25
793	29	24
794	29	25
795	29	25
796	29	24
797	29	24
798	30	25
799	29	24
800	29	24
801	29	24
802	29	24
803	29	24
804	29	24
805	29	24
806	29	23
807	29	25
808	29	24
809	29	24
810	28	24
811	29	24
812	29	24
813	28	24
814	30	25
815	29	24
816	29	24
817	28	23
818	27	24
819	29	23
820	28	24
821	27	24
822	29	24
823	29	23
824	28	23
825	29	23
826	28	24
827	29	24
828	29	24
829	28	24
830	29	24
831	29	24
832	26	23
833	26	24
834	26	24
835	28	24
836	28	24
837	27	24
838	27	23
839	26	25
840	27	24
841	27	23
842	28	23
843	27	24
844	26	23
845	28	24
846	29	24
847	26	23
848	27	23
849	27	24
850	26	24
851	26	23
852	28	24
853	26	24
854	27	23
855	26	24
856	26	23
857	27	23
858	27	24
859	26	24
860	26	24
861	27	23
862	29	24
863	26	23
864	26	23
865	28	24
866	26	24
867	26	23
868	27	23
869	26	23
870	25	23
871	27	23
872	26	24
873	26	23
874	26	23
875	25	23
876	26	23
877	26	24
878	26	23
879	25	23
880	26	23
881	26	23
882	25	23
883	26	23
884	26	24
885	26	23
886	26	23
887	25	23
888	25	23
889	25	23
890	25	24
891	25	24
892	26	23
893	25	23
894	27	23
895	26	23
896	25	23
897	25	23
898	25	23
899	26	23
900	25	23
901	25	23
902	26	23
903	26	24
904	25	23
905	25	23
906	26	23
907	25	23
908	25	23
909	25	23
910	26	23
911	25	23
912	26	23
913	25	23
914	26	24
915	25	22
916	26	23
917	26	23
918	25	23
919	25	22
920	25	23
921	25	23
922	25	23
923	25	23
924	25	23
925	25	22
926	26	23
927	25	23
928	25	22
929	25	23
930	25	23
931	25	23
932	25	23
933	25	23
934	25	23
935	25	23
936	25	23
937	25	23
938	26	23
939	25	22
940	25	22
941	25	23
942	26	23
943	25	22
944	25	23
945	25	22
946	25	23
947	25	22
948	25	23
949	25	23
950	25	23
951	24	22
952	25	23
953	25	23
954	25	23
955	25	23
956	27	23
957	25	23
958	26	23
959	25	23
960	25	23
961	25	23
962	25	22
963	25	22
964	25	23
965	25	23
966	25	22
967	25	23
968	24	23
969	25	23
970	25	23
971	25	23
972	25	22
973	25	23
974	26	23
975	25	23
976	25	22
977	25	22
978	25	23
979	25	23
980	25	23
981	25	23
982	25	23
983	25	22
984	24	22
985	24	22
986	24	23
987	25	23
988	24	23
989	25	22
990	26	23
991	24	23
992	25	22
993	25	23
994	24	23
995	28	23
996	24	22
997	25	23
998	24	22
999	24	23
1000	24	23
1001	25	23
1002	24	23
1003	24	23
1004	25	22
1005	25	23
1006	26	23
1007	24	23
1008	23	22
1009	24	22
1010	24	22
1011	24	22
1012	25	23
1013	23	23
1014	25	23
1015	25	22
1016	24	22
1017	23	22
1018	25	169
1019	29	209
1020	30	207
1021	34	206
1022	38	206
1023	40	205
1024	43	205
1025	45	205
1026	48	205
1027	50	205
1028	54	205
1029	57	204
1030	58	204
1031	60	205
1032	62	205
1033	65	205
1034	65	205
1035	69	205
1036	72	205
1037	74	205
1038	78	207
1039	78	206
1040	79	206
1041	82	206
1042	85	206
1043	87	206
1044	89	207
1045	90	207
1046	93	207
1047	94	207
1048	97	207
1049	97	207
1050	99	208
1051	101	208
1052	103	208
1053	105	208
1054	107	208
1055	109	209
1056	109	208
1057	112	209
1058	113	209
1059	115	209
1060	117	209
1061	117	209
1062	119	209
1063	121	211
1064	122	210
1065	124	211
1066	125	211
1067	126	211
1068	128	210
1069	129	211
1070	132	212
1071	131	212
1072	133	212
1073	125	210
1074	135	212
1075	137	212
1076	138	213
1077	138	213
1078	141	213
1079	141	213
1080	142	213
1081	144	212
1082	145	213
1083	146	213
1084	148	214
1085	149	213
1086	151	214
1087	150	214
1088	151	213
1089	153	215
1090	154	214
1091	153	214
1092	156	215
1093	156	215
1094	157	214
1095	158	215
1096	159	215
1097	160	215
1098	161	215
1099	162	215
1100	162	215
1101	163	215
1102	166	216
1103	165	216
1104	165	215
1105	168	216
1106	168	216
1107	169	216
1108	169	217
1109	169	217
1110	170	217
1111	171	216
1112	163	215
1113	173	216
1114	173	217
1115	173	217
1116	174	217
1117	177	217
1118	177	217
1119	177	217
1120	177	217
1121	177	217
1122	180	218
1123	182	218
1124	180	218
1125	181	218
1126	181	217
1127	182	219
1128	182	219
1129	182	218
1130	183	218
1131	185	219
1132	185	219
1133	185	219
1134	186	220
1135	186	219
1136	188	219
1137	186	219
1138	186	219
1139	189	219
1140	190	220
1141	190	220
1142	190	220
1143	197	221
1144	191	219
1145	191	219
1146	192	220
1147	192	220
1148	193	221
1149	193	220
1150	194	221
1151	193	221
1152	194	220
1153	194	221
1154	195	221
1155	197	221
1156	197	221
1157	196	221
1158	197	221
1159	197	221
1160	197	221
1161	198	221
1162	198	221
1163	199	222
1164	199	221
1165	198	221
1166	201	222
1167	201	222
1168	200	221
1169	201	221
1170	201	221
1171	202	221
1172	201	223
1173	202	223
1174	202	223
1175	202	222
1176	203	223
1177	203	222
1178	202	223
1179	204	223
1180	204	223
1181	204	222
1182	205	223
1183	205	222
1184	205	222
1185	206	224
1186	206	223
1187	206	223
1188	206	223
1189	205	223
1190	210	223
1191	207	224
1192	206	224
1193	208	223
1194	207	223
1195	207	223
1196	209	223
1197	209	224
1198	210	225
1199	209	224
1200	209	224
1201	210	224
1202	209	224
1203	210	224
1204	209	225
1205	210	224
1206	210	224
1207	210	224
1208	211	225
1209	211	224
1210	211	225
1211	212	225
1212	213	225
1213	213	224
1214	214	225
1215	213	224
1216	213	224
1217	214	225
1218	213	225
1219	214	225
1220	214	225
1221	213	225
1222	214	224
1223	213	226
1224	214	226
1225	214	226
1226	214	225
1227	214	225
1228	215	225
1229	215	225
1230	216	226
1231	216	225
1232	216	225
1233	216	225
1234	216	225
1235	216	225
1236	216	226
1237	216	226
1238	217	226
1239	217	226
1240	217	226
1241	217	225
1242	217	226
1243	217	226
1244	217	226
1245	217	226
1246	219	227
1247	218	226
1248	218	226
1249	217	226
1250	218	226
1251	218	226
1252	218	227
1253	217	226
1254	219	226
1255	218	227
1256	219	227
1257	219	226
1258	219	226
1259	218	226
1260	221	226
1261	219	227
1262	221	228
1263	219	227
1264	219	227
1265	220	226
1266	219	227
1267	220	226
1268	220	227
1269	221	227
1270	221	227
1271	221	227
1272	221	227
1273	221	226
1274	222	228
1275	222	227
1276	221	227
1277	221	227
1278	222	227
1279	222	227
1280	221	227
1281	222	228
1282	222	227
1283	221	228
1284	222	227
1285	221	227
1286	222	227
1287	222	228
1288	222	228
1289	221	227
1290	222	227
1291	222	228
1292	222	227
1293	222	228
1294	222	228
1295	222	228
1296	222	227
1297	223	228
1298	223	228
1299	222	227
1300	223	228
1301	223	228
1302	222	228
1303	224	228
1304	223	227
1305	224	227
1306	223	228
1307	223	228
1308	224	228
1309	224	228
1310	225	228
1311	224	228
1312	225	228
1313	223	229
1314	225	229
1315	225	228
1316	224	228
1317	225	228
1318	225	228
1319	225	229
1320	225	229
1321	225	228
1322	225	228
1323	225	228
1324	225	228
1325	225	229
1326	226	229
1327	226	229
1328	225	229
1329	225	229
1330	225	228
1331	225	228
1332	225	229
1333	225	229
1334	225	229
1335	225	229
1336	225	229
1337	226	228
1338	226	229
1339	226	229
1340	225	229
1341	226	229
1342	225	228
1343	225	229
1344	225	229
1345	225	229
1346	226	229
1347	226	229
1348	225	228
1349	226	228
1350	226	228
1351	226	229
1352	226	229
1353	226	229
1354	225	228
1355	226	229
1356	225	229
1357	226	229
1358	228	230
1359	227	229
1360	226	229
1361	226	229
1362	226	229
1363	227	229
1364	226	229
1365	226	229
1366	226	229
1367	227	229
1368	226	229
1369	227	229
1370	226	229
1371	228	229
1372	228	229
1373	226	229
1374	229	229
1375	227	229
1376	227	229
1377	228	229
1378	228	229
1379	226	229
1380	227	229
1381	227	229
1382	227	229
1383	226	230
1384	228	230
1385	228	229
1386	229	230
1387	227	229
1388	227	229
1389	228	229
1390	229	230
1391	228	229
1392	227	229
1393	227	229
1394	228	229
1395	228	229
1396	227	230
1397	228	229
1398	228	229
1399	227	229
1400	229	229
1401	228	229
1402	227	229
1403	229	229
1404	229	230
1405	228	229
1406	229	230
1407	227	229
1408	228	229
1409	227	230
1410	228	230
1411	228	229
1412	228	230
1413	229	230
1414	228	229
1415	229	230
1416	229	230
1417	229	230
1418	229	230
1419	229	229
1420	228	229
1421	229	229
1422	230	231
1423	229	230
1424	229	229
1425	229	230
1426	229	229
1427	229	230
1428	229	231
1429	229	229
1430	229	230
1431	229	230
1432	229	230
1433	229	229
1434	229	230
1435	229	231
1436	229	231
1437	229	230
1438	230	231
1439	229	229
1440	229	230
1441	229	231
1442	229	231
1443	229	229
1444	229	229
1445	229	230
1446	230	229
1447	229	231
1448	229	231
1449	229	230
1450	229	229
1451	229	230
1452	229	230
1453	229	231
1454	231	231
1455	230	230
1456	230	229
1457	229	230
1458	230	230
1459	229	229
1460	229	231
1461	230	230
1462	229	230
1463	229	229
1464	229	230
1465	229	230
1466	229	231
1467	230	230
1468	229	231
1469	229	230
1470	232	230
1471	229	230
1472	229	230
1473	230	231
1474	230	231
1475	230	230
1476	230	231
1477	229	230
1478	230	230
1479	230	231
1480	229	230
1481	230	230
1482	229	230
1483	229	230
1484	230	230
1485	230	231
1486	230	231
1487	230	231
1488	230	230
1489	230	231
1490	229	230
1491	229	230
1492	230	231
1493	230	231
1494	229	231
1495	230	230
1496	230	230
1497	229	230
1498	230	231
1499	230	231
1500	230	231
1501	230	230
1502	233	231
1503	229	230
1504	229	230
1505	230	231
1506	230	231
1507	230	231
1508	230	231
1509	229	231
1510	230	230
1511	231	231
1512	230	231
1513	230	231
1514	230	231
1515	231	231
1516	230	229
1517	230	231
1518	231	231
1519	231	231
1520	230	230
1521	230	231
1522	230	231
1523	229	230
1524	230	231
1525	231	231
1526	230	231
1527	230	231
1528	229	231
1529	230	230
1530	230	231
1531	230	231
1532	231	231
1533	230	230
1534	232	231
1535	228	230
1536	230	230
1537	230	231
1538	230	231
1539	230	230
1540	230	230
1541	230	231
1542	231	230
1543	230	232
1544	232	231
1545	230	231
1546	231	230
1547	230	231
1548	230	230
1549	230	231
1550	229	229
1551	232	231
1552	230	231
1553	230	231
1554	230	230
1555	230	230
1556	232	232
1557	230	231
1558	230	231
1559	230	231
1560	231	231
1561	231	230
1562	231	231
1563	230	231
1564	231	231
1565	231	231
1566	233	232
1567	230	231
1568	225	229
1569	230	232
1570	231	231
1571	230	231
1572	231	231
1573	231	231
1574	231	231
1575	230	231
1576	230	231
1577	230	231
1578	231	231
1579	231	231
1580	230	230
1581	234	232
1582	233	232
1583	230	231
1584	230	231
1585	231	231
1586	231	231
1587	230	231
1588	230	231
1589	231	231
1590	231	231
1591	230	230
1592	230	231
1593	229	231
1594	232	232
1595	231	231
1596	232	231
1597	230	231
1598	233	231
1599	230	230
1600	232	231
1601	231	231
1602	232	231
1603	230	231
1604	231	230
1605	231	231
1606	231	230
1607	230	231
1608	234	232
1609	231	231
1610	232	231
1611	230	231
1612	230	230
1613	231	231
1614	233	232
1615	231	231
1616	230	231
1617	231	231
1618	231	231
1619	230	180
1620	234	57
1621	225	52
1622	223	52
1623	221	51
1624	217	51
1625	214	50
1626	211	50
1627	209	49
1628	205	49
1629	204	49
1630	203	49
1631	198	47
1632	197	48
1633	193	48
1634	191	47
1635	189	47
1636	187	46
1637	185	46
1638	182	45
1639	181	46
1640	178	46
1641	176	46
1642	173	45
1643	171	45
1644	169	44
1645	167	45
1646	167	45
1647	162	43
1648	161	43
1649	161	43
1650	157	43
1651	157	42
1652	154	43
1653	153	43
1654	151	42
1655	149	42
1656	147	42
1657	145	42
1658	145	42
1659	147	43
1660	141	41
1661	138	41
1662	139	41
1663	137	41
1664	134	40
1665	133	41
1666	131	41
1667	130	41
1668	129	40
1669	127	39
1670	125	39
1671	125	41
1672	124	40
1673	121	40
1674	121	39
1675	120	39
1676	118	38
1677	117	39
1678	117	40
1679	114	39
1680	113	38
1681	112	38
1682	109	38
1683	109	37
1684	108	39
1685	106	38
1686	106	38
1687	105	37
1688	103	37
1689	102	36
1690	102	38
1691	101	37
1692	99	37
1693	98	36
1694	99	37
1695	97	36
1696	96	37
1697	95	37
1698	91	37
1699	94	36
1700	93	36
1701	92	35
1702	90	35
1703	90	36
1704	89	36
1705	88	36
1706	89	36
1707	86	35
1708	85	35
1709	85	35
1710	86	36
1711	83	35
1712	82	35
1713	82	35
1714	81	35
1715	81	34
1716	80	35
1717	79	34
1718	78	34
1719	78	34
1720	77	34
1721	76	34
1722	76	34
1723	74	34
1724	74	34
1725	73	33
1726	75	34
1727	73	33
1728	73	33
1729	72	33
1730	71	33
1731	70	33
1732	70	33
1733	69	33
1734	69	33
1735	69	34
1736	67	33
1737	61	33
1738	67	32
1739	65	33
1740	65	32
1741	65	32
1742	65	33
1743	65	32
1744	63	32
1745	62	32
1746	62	32
1747	62	32
1748	62	33
1749	61	32
1750	61	31
1751	61	31
1752	61	31
1753	58	30
1754	58	32
1755	58	31
1756	58	31
1757	57	31
1758	59	32
1759	57	31
1760	57	30
1761	57	31
1762	56	31
1763	56	31
1764	55	31
1765	54	30
1766	54	30
1767	54	31
1768	54	31
1769	53	31
1770	54	30
1771	53	30
1772	52	29
1773	52	31
1774	54	31
1775	53	31
1776	50	30
1777	50	29
1778	51	29
1779	50	29
1780	50	30
1781	49	29
1782	49	29
1783	49	30
1784	49	29
1785	49	29
1786	49	30
1787	49	29
1788	48	29
1789	48	29
1790	49	29
1791	46	29
1792	47	29
1793	46	29
1794	45	29
1795	45	29
1796	46	29
1797	46	29
1798	45	28
1799	45	29
1800	45	29
1801	45	29
1802	45	28
1803	44	29
1804	44	28
1805	44	28
1806	45	29
1807	42	28
1808	42	28
1809	42	28
1810	42	27
1811	41	27
1812	42	28
1813	42	28
1814	41	28
1815	41	28
1816	41	28
1817	41	27
1818	41	28
1819	41	28
1820	41	27
1821	41	28
1822	41	28
1823	41	27
1824	41	27
1825	39	28
1826	38	28
1827	40	27
1828	39	27
1829	38	27
1830	38	27
1831	38	27
1832	38	27
1833	38	27
1834	38	26
1835	38	27
1836	38	27
1837	38	27
1838	39	28
1839	37	27
1840	37	27
1841	37	27
1842	37	27
1843	37	26
1844	37	27
1845	37	27
1846	36	26
1847	37	27
1848	37	27
1849	36	26
1850	37	27
1851	36	27
1852	35	25
1853	43	25
1854	37	26
1855	35	26
1856	34	26
1857	35	26
1858	34	26
1859	35	27
1860	34	26
1861	34	26
1862	34	25
1863	34	27
1864	34	26
1865	34	26
1866	33	25
1867	34	25
1868	33	26
1869	34	26
1870	36	26
1871	33	26
1872	33	25
1873	33	25
1874	33	25
1875	33	25
1876	34	26
1877	34	26
1878	33	25
1879	33	25
1880	33	25
1881	33	24
1882	33	26
1883	33	26
1884	32	26
1885	33	25
1886	33	26
1887	32	25
1888	32	25
1889	32	26
1890	32	25
1891	32	25
1892	33	25
1893	32	25
1894	32	24
1895	32	26
1896	31	25
1897	31	25
1898	31	25
1899	33	25
1900	32	25
1901	30	25
1902	33	25
1903	31	25
1904	32	25
1905	30	25
1906	30	25
1907	30	24
1908	30	25
1909	30	25
1910	31	25
1911	30	24
1912	30	25
1913	30	24
1914	30	25
1915	29	24
1916	30	25
1917	30	24
1918	31	25
1919	29	24
1920	29	24
1921	30	25
1922	30	25
1923	30	24
1924	29	25
1925	29	24
1926	29	24
1927	30	25
1928	29	25
1929	29	24
1930	29	24
1931	29	25
1932	29	24
1933	29	24
1934	30	24
1935	29	25
1936	29	24
1937	29	24
1938	29	24
1939	28	24
1940	29	25
1941	28	25
1942	29	24
1943	29	23
1944	29	24
1945	29	24
1946	29	24
1947	28	24
1948	29	24
1949	29	24
1950	29	24
1951	29	24
1952	28	24
1953	28	25
1954	29	25
1955	29	24
1956	28	24
1957	29	24
1958	28	23
1959	27	25
1960	27	24
1961	28	24
1962	28	24
1963	28	24
1964	27	23
1965	29	24
1966	29	25
1967	27	23
1968	29	23
1969	27	24
1970	27	24
1971	27	23
1972	28	24
1973	27	24
1974	27	23
1975	27	23
1976	26	23
1977	26	23
1978	29	24
1979	27	24
1980	26	24
1981	26	23
1982	28	24
1983	27	23
1984	27	23
1985	27	24
1986	26	23
1987	27	23
1988	27	23
1989	27	24
1990	26	23
1991	27	24
1992	26	24
1993	25	23
1994	27	23
1995	21	21
1996	26	23
1997	26	23
1998	29	24
1999	26	23
2000	26	23
2001	26	23
2002	26	23
2003	26	23
2004	26	24
2005	26	24
2006	26	23
2007	26	24
2008	26	24
2009	26	23
2010	26	24
2011	29	24
2012	26	23
2013	26	23
2014	27	23
2015	26	23
2016	27	23
2017	26	24
2018	26	23
2019	26	23
2020	26	23
2021	26	23
2022	25	22
2023	26	23
2024	26	23
2025	26	23
2026	25	23
2027	25	23
2028	25	23
2029	26	23
2030	27	24
2031	25	23
2032	25	23
2033	25	23
2034	27	24
2035	26	23
2036	25	23
2037	25	23
2038	26	23
2039	25	22
2040	25	23
2041	25	23
2042	25	24
2043	26	23
2044	25	23
2045	25	23
2046	26	23
2047	25	23
2048	25	23
2049	26	23
2050	26	23
2051	25	23
2052	25	23
2053	33	24
2054	25	23
2055	25	23
2056	25	23
2057	26	23
2058	25	22
2059	25	23
2060	25	23
2061	26	23
2062	27	24
2063	25	22
2064	26	23
2065	25	23
2066	25	23
2067	25	22
2068	25	23
2069	25	24
2070	25	23
2071	25	22
2072	25	23
2073	25	21
2074	25	23
2075	25	24
2076	25	23
2077	25	22
2078	26	23
2079	25	23
2080	25	22
2081	25	23
2082	25	23
2083	26	23
2084	25	23
2085	25	23
2086	25	23
2087	24	23
2088	25	23
2089	24	22
2090	25	23
2091	24	23
2092	25	23
2093	25	23
2094	26	23
2095	25	23
2096	25	23
2097	25	23
2098	25	22
2099	25	22
2100	25	23
2101	24	23
2102	25	23
2103	25	22
2104	25	23
2105	25	22
2106	25	23
2107	24	23
2108	25	23
2109	25	22
2110	25	23
2111	25	22
2112	25	23
2113	25	23
2114	25	23
2115	25	23
2116	24	23
2117	25	23
2118	25	22
2119	25	23
2120	24	23
2121	25	23
2122	24	22
2123	25	22
2124	25	23
2125	24	23
2126	26	24
2127	25	23
2128	19	21
2129	24	23
2130	24	23
2131	25	22
2132	25	23
2133	25	23
2134	24	22
2135	25	22
2136	24	22
2137	25	22
2138	24	23
2139	24	23
2140	25	23
2141	25	22
2142	25	22
2143	23	22
2144	24	22
2145	25	23
2146	25	23
2147	24	23
2148	24	22
2149	24	22
2150	23	22
2151	24	23
2152	25	23
2153	25	23
2154	25	107
2155	27	208
2156	30	206
2157	33	206
2158	37	207
2159	39	205
2160	41	205
2161	44	205
2162	47	204
2163	49	204
2164	53	205
2165	54	205
2166	56	205
2167	57	203
2168	62	205
2169	65	204
2170	66	205
2171	69	205
2172	71	205
2173	73	205
2174	77	205
2175	78	205
2176	79	205
2177	81	206
2178	84	206
2179	86	206
2180	87	207
2181	90	207
2182	91	206
2183	94	208
2184	95	207
2185	97	207
2186	98	207
2187	99	208
2188	102	207
2189	104	208
2190	106	209
2191	108	209
2192	109	209
2193	111	209
2194	113	209
2195	115	209
2196	117	211
2197	117	210
2198	118	210
2199	120	210
2200	121	210
2201	123	210
2202	125	211
2203	125	211
2204	126	211
2205	129	211
2206	133	210
2207	131	212
2208	132	211
2209	134	213
2210	136	212
2211	135	212
2212	137	213
2213	139	213
2214	139	212
2215	141	213
2216	142	213
2217	142	213
2218	145	213
2219	145	213
2220	146	213
2221	149	213
2222	150	215
2223	150	214
2224	152	214
2225	153	213
2226	153	214
2227	154	214
2228	154	215
2229	156	215
2230	158	215
2231	158	214
2232	158	215
2233	160	214
2234	161	216
2235	161	216
2236	162	215
2237	162	215
2238	166	216
2239	165	215
2240	165	215
2241	166	216
2242	168	216
2243	169	216
2244	169	216
2245	178	218
2246	170	216
2247	171	217
2248	173	217
2249	172	217
2250	173	217
2251	174	217
2252	175	217
2253	174	217
2254	178	218
2255	176	217
2256	177	217
2257	177	217
2258	178	218
2259	179	218
2260	179	218
2261	180	218
2262	182	218
2263	181	218
2264	182	218
2265	182	217
2266	183	219
2267	184	219
2268	184	219
2269	185	219
2270	187	219
2271	186	219
2272	186	219
2273	187	220
2274	188	220
2275	188	220
2276	187	219
2277	188	219
2278	189	219
2279	190	220
2280	190	220
2281	190	220
2282	191	220
2283	191	220
2284	198	220
2285	192	220
2286	194	221
2287	193	221
2288	194	220
2289	194	220
2290	195	220
2291	195	220
2292	196	221
2293	197	222
2294	196	221
2295	197	221
2296	197	221
2297	197	221
2298	198	222
2299	199	222
2300	198	221
2301	198	221
2302	201	222
2303	200	221
2304	200	221
2305	201	222
2306	201	222
2307	201	222
2308	201	221
2309	201	222
2310	202	222
2311	202	223
2312	202	223
2313	202	222
2314	203	222
2315	203	222
2316	205	222
2317	204	222
2318	205	223
2319	205	223
2320	205	223
2321	205	222
2322	205	223
2323	202	222
2324	206	223
2325	206	224
2326	206	223
2327	206	223
2328	207	223
2329	207	223
2330	206	223
2331	208	223
2332	208	223
2333	209	223
2334	210	224
2335	209	223
2336	209	223
2337	210	224
2338	210	224
2339	210	224
2340	210	224
2341	210	224
2342	210	223
2343	210	225
2344	210	225
2345	212	224
2346	211	224
2347	212	225
2348	212	224
2349	211	225
2350	214	225
2351	213	225
2352	213	225
2353	213	225
2354	213	224
2355	213	224
2356	214	226
2357	214	225
2358	214	225
2359	215	225
2360	214	225
2361	213	224
2362	213	225
2363	215	225
2364	215	225
2365	214	225
2366	217	225
2367	215	225
2368	215	225
2369	217	225
2370	216	225
2371	216	225
2372	216	225
2373	216	225
2374	216	225
2375	217	227
2376	217	227
2377	217	226
2378	217	225
2379	217	226
2380	217	225
2381	217	226
2382	219	227
2383	218	226
2384	217	226
2385	217	226
2386	218	226
2387	217	225
2388	218	227
2389	218	227
2390	218	227
2391	219	226
2392	218	226
2393	218	226
2394	219	227
2395	220	227
2396	220	227
2397	219	226
2398	221	227
2399	220	226
2400	221	226
2401	220	227
2402	221	227
2403	220	227
2404	221	227
2405	221	227
2406	220	226
2407	221	228
2408	221	228
2409	222	227
2410	221	227
2411	221	227
2412	222	227
2413	221	227
2414	223	228
2415	221	227
2416	222	227
2417	221	227
2418	221	227
2419	221	227
2420	221	228
2421	221	228
2422	221	227
2423	222	227
2424	222	227
2425	222	227
2426	222	228
2427	223	228
2428	222	227
2429	222	227
2430	223	228
2431	222	227
2432	224	227
2433	222	228
2434	222	228
2435	222	228
2436	223	228
2437	223	228
2438	222	227
2439	223	228
2440	223	228
2441	224	228
2442	225	227
2443	224	228
2444	223	228
2445	223	228
2446	226	229
2447	223	229
2448	225	228
2449	224	229
2450	225	228
2451	224	228
2452	225	229
2453	225	229
2454	225	229
2455	225	228
2456	225	229
2457	224	228
2458	225	228
2459	222	228
2460	225	228
2461	224	229
2462	226	229
2463	225	228
2464	225	228
2465	226	229
2466	226	228
2467	225	229
2468	225	229
2469	225	228
2470	225	228
2471	225	229
2472	226	229
2473	225	229
2474	225	228
2475	225	229
2476	225	228
2477	225	229
2478	227	229
2479	223	228
2480	226	229
2481	226	229
2482	225	229
2483	225	229
2484	225	229
2485	226	229
2486	226	229
2487	226	229
2488	226	229
2489	226	229
2490	225	229
2491	225	228
2492	225	229
2493	226	229
2494	228	229
2495	226	229
2496	226	229
2497	226	229
2498	226	229
2499	226	229
2500	227	229
2501	227	229
2502	226	229
2503	227	230
2504	227	229
2505	226	229
2506	227	229
2507	227	229
2508	227	229
2509	226	229
2510	229	230
2511	227	229
2512	227	229
2513	228	229
2514	226	229
2515	226	229
2516	228	230
2517	228	229
2518	226	229
2519	227	229
2520	228	229
2521	228	229
2522	227	229
2523	227	229
2524	227	229
2525	227	229
2526	230	230
2527	228	229
2528	227	229
2529	229	230
2530	229	229
2531	228	230
2532	227	229
2533	228	229
2534	228	229
2535	228	230
2536	228	230
2537	228	229
2538	228	229
2539	229	229
2540	228	229
2541	228	229
2542	229	231
2543	229	230
2544	228	230
2545	229	229
2546	228	229
2547	227	229
2548	229	231
2549	229	230
2550	229	230
2551	229	230
2552	228	230
2553	229	229
2554	228	230
2555	228	230
2556	228	230
2557	229	230
2558	229	230
2559	228	229
2560	229	230
2561	229	230
2562	228	230
2563	228	230
2564	229	230
2565	229	230
2566	229	229
2567	229	231
2568	228	230
2569	229	230
2570	229	230
2571	229	230
2572	229	230
2573	229	230
2574	231	231
2575	229	230
2576	229	230
2577	229	230
2578	229	230
2579	229	230
2580	229	231
2581	229	231
2582	229	230
2583	229	230
2584	229	230
2585	229	229
2586	229	230
2587	229	230
2588	229	230
2589	229	230
2590	230	230
2591	230	230
2592	229	230
2593	229	231
2594	230	231
2595	229	230
2596	230	231
2597	229	229
2598	229	229
2599	229	231
2600	229	231
2601	229	230
2602	230	230
2603	229	230
2604	229	229
2605	229	230
2606	231	231
2607	230	231
2608	229	230
2609	229	229
2610	229	230
2611	229	229
2612	229	230
2613	229	230
2614	230	230
2615	230	230
2616	230	230
2617	229	230
2618	230	231
2619	230	231
2620	230	231
2621	230	230
2622	231	231
2623	229	230
2624	229	230
2625	229	230
2626	230	231
2627	230	230
2628	229	230
2629	230	230
2630	230	229
2631	231	231
2632	230	231
2633	229	230
2634	230	231
2635	230	230
2636	233	231
2637	230	231
2638	232	231
2639	229	231
2640	230	230
2641	230	230
2642	230	230
2643	230	230
2644	230	231
2645	230	231
2646	230	231
2647	231	231
2648	230	230
2649	230	230
2650	230	231
2651	230	232
2652	229	230
2653	230	230
2654	232	231
2655	230	230
2656	230	230
2657	230	231
2658	230	231
2659	230	230
2660	230	231
2661	230	230
2662	230	230
2663	230	231
2664	230	231
2665	229	231
2666	230	230
2667	230	231
2668	230	230
2669	230	231
2670	232	231
2671	229	231
2672	230	231
2673	230	231
2674	230	230
2675	231	231
2676	230	230
2677	231	231
2678	230	230
2679	230	230
2680	230	231
2681	231	231
2682	230	231
2683	230	231
2684	230	231
2685	230	231
2686	233	230
2687	231	230
2688	231	230
2689	229	231
2690	230	231
2691	232	231
2692	230	232
2693	230	231
2694	231	230
2695	231	231
2696	231	231
2697	230	231
2698	230	231
2699	230	231
2700	230	230
2701	230	231
2702	233	231
2703	230	231
2704	230	231
2705	231	231
2706	230	231
2707	230	230
2708	231	232
2709	230	231
2710	230	231
2711	230	230
2712	230	230
2713	230	230
2714	229	231
2715	231	231
2716	230	230
2717	230	231
2718	233	231
2719	230	230
2720	230	231
2721	231	231
2722	230	231
2723	230	231
2724	231	230
2725	230	231
2726	231	231
2727	231	231
2728	230	231
2729	231	231
2730	230	231
2731	230	231
2732	231	231
2733	230	231
2734	233	232
2735	230	231
2736	231	231
2737	231	231
2738	230	230
2739	230	231
2740	231	232
2741	231	231
2742	231	231
2743	230	231
2744	231	231
2745	232	230
2746	232	232
2747	231	231
2748	231	231
2749	230	231
2750	233	231
2751	230	230
2752	231	231
2753	227	230
2754	232	231
2755	230	231
2756	230	62
2757	226	52
2758	224	51
2759	221	52
2760	218	51
2761	215	50
2762	213	50
2763	209	49
2764	206	49
2765	205	49
2766	203	49
2767	199	48
2768	197	48
2769	193	48
2770	192	47
2771	190	46
2772	187	47
2773	185	46
2774	183	46
2775	181	46
2776	178	45
2777	177	44
2778	173	45
2779	172	45
2780	170	45
2781	168	44
2782	167	44
2783	165	44
2784	162	43
2785	161	44
2786	158	44
2787	157	43
2788	155	43
2789	153	42
2790	150	42
2791	150	43
2792	138	40
2793	145	42
2794	145	42
2795	142	42
2796	141	41
2797	139	41
2798	141	42
2799	137	41
2800	134	40
2801	133	40
2802	132	41
2803	130	40
2804	129	41
2805	128	41
2806	126	40
2807	125	39
2808	123	39
2809	122	39
2810	121	40
2811	119	40
2812	119	40
2813	117	37
2814	117	39
2815	114	38
2816	113	38
2817	113	39
2818	111	38
2819	109	38
2820	109	38
2821	108	38
2822	106	37
2823	105	38
2824	104	37
2825	104	37
2826	102	37
2827	101	37
2828	100	36
2829	99	37
2830	98	37
2831	93	35
2832	97	37
2833	96	36
2834	94	36
2835	94	36
2836	93	37
2837	92	36
2838	90	36
2839	89	36
2840	89	36
2841	89	36
2842	89	36
2843	87	36
2844	86	35
2845	85	35
2846	85	35
2847	83	34
2848	83	35
2849	82	35
2850	81	35
2851	81	34
2852	80	35
2853	78	35
2854	78	34
2855	78	35
2856	77	35
2857	76	34
2858	77	34
2859	74	34
2860	74	33
2861	74	34
2862	74	35
2863	73	33
2864	72	33
2865	70	33
2866	70	33
2867	70	33
2868	70	33
2869	70	33
2870	74	33
2871	68	33
2872	67	33
2873	66	32
2874	67	33
2875	66	33
2876	65	33
2877	65	32
2878	66	33
2879	63	32
2880	63	31
2881	62	32
2882	63	32
2883	62	32
2884	61	32
2885	61	31
2886	56	29
2887	61	32
2888	59	31
2889	59	31
2890	59	31
2891	59	31
2892	58	31
2893	57	31
2894	58	31
2895	57	31
2896	57	31
2897	56	31
2898	56	31
2899	56	30
2900	55	31
2901	56	31
2902	54	30
2903	53	30
2904	47	28
2905	53	29
2906	53	30
2907	51	30
2908	53	31
2909	56	30
2910	54	30
2911	51	29
2912	52	29
2913	50	30
2914	50	30
2915	50	30
2916	50	29
2917	49	29
2918	50	29
2919	49	29
2920	49	29
2921	49	29
2922	49	29
2923	49	29
2924	47	28
2925	46	29
2926	49	29
2927	48	29
2928	46	29
2929	46	29
2930	46	29
2931	46	28
2932	46	29
2933	46	28
2934	45	29
2935	45	28
2936	45	28
2937	45	28
2938	45	29
2939	45	29
2940	44	29
2941	43	28
2942	45	29
2943	42	28
2944	41	27
2945	42	28
2946	42	28
2947	42	28
2948	41	27
2949	41	28
2950	42	27
2951	41	28
2952	41	28
2953	41	28
2954	40	27
2955	41	28
2956	41	27
2957	40	28
2958	41	28
2959	41	28
2960	40	27
2961	40	27
2962	39	27
2963	40	27
2964	40	28
2965	38	28
2966	38	27
2967	38	27
2968	38	27
2969	38	26
2970	38	28
2971	37	27
2972	38	27
2973	38	26
2974	38	27
2975	38	27
2976	38	27
2977	37	27
2978	37	28
2979	37	27
2980	37	26
2981	37	26
2982	37	26
2983	37	27
2984	37	26
2985	37	27
2986	35	26
2987	36	27
2988	36	26
2989	36	27
2990	37	27
2991	36	27
2992	34	26
2993	34	26
2994	34	26
2995	34	26
2996	35	27
2997	34	26
2998	34	25
2999	34	26
3000	33	26
3001	34	25
3002	30	27
3003	34	26
3004	34	26
3005	33	26
3006	36	26
3007	33	25
3008	33	25
3009	33	26
3010	34	26
3011	33	25
3012	33	25
3013	33	25
3014	32	25
3015	33	26
3016	33	25
3017	33	25
3018	33	25
3019	31	26
3020	33	25
3021	32	25
3022	33	25
3023	33	25
3024	33	25
3025	33	25
3026	32	25
3027	33	25
3028	32	26
3029	32	25
3030	32	25
3031	31	24
3032	31	25
3033	30	24
3034	31	25
3035	31	25
3036	32	24
3037	30	25
3038	33	25
3039	30	24
3040	31	25
3041	30	25
3042	31	25
3043	30	25
3044	30	25
3045	30	25
3046	29	24
3047	30	25
3048	30	25
3049	30	24
3050	29	24
3051	30	25
3052	30	24
3053	30	25
3054	31	25
3055	29	24
3056	30	25
3057	29	24
3058	29	25
3059	30	24
3060	29	25
3061	29	25
3062	30	25
3063	29	24
3064	29	24
3065	29	24
3066	29	25
3067	29	24
3068	29	25
3069	29	24
3070	30	24
3071	29	24
3072	29	23
3073	29	25
3074	29	25
3075	29	24
3076	29	24
3077	29	24
3078	28	24
3079	28	25
3080	29	24
3081	29	24
3082	29	23
3083	28	24
3084	28	24
3085	29	24
3086	29	24
3087	27	24
3088	29	24
3089	29	24
3090	29	24
3091	27	23
3092	28	25
3093	28	24
3094	29	24
3095	29	23
3096	28	24
3097	27	23
3098	28	24
3099	28	24
3100	29	24
3101	27	23
3102	29	24
3103	34	23
3104	29	24
3105	28	24
3106	28	24
3107	27	23
3108	27	24
3109	26	23
3110	27	23
3111	27	24
3112	27	24
3113	27	24
3114	27	23
3115	27	24
3116	28	23
3117	27	24
3118	29	24
3119	27	24
3120	26	24
3121	26	24
3122	26	23
3123	27	23
3124	26	24
3125	27	24
3126	26	24
3127	26	23
3128	27	23
3129	26	23
3130	26	24
3131	27	24
3132	26	23
3133	26	23
3134	29	24
3135	25	23
3136	26	23
3137	27	24
3138	26	23
3139	27	23
3140	25	23
3141	25	23
3142	27	23
3143	26	24
3144	25	23
3145	26	23
3146	27	23
3147	26	24
3148	25	23
3149	26	23
3150	27	24
3151	26	24
3152	26	23
3153	26	23
3154	26	23
3155	25	23
3156	25	24
3157	26	23
3158	26	23
3159	25	23
3160	25	23
3161	26	23
3162	26	23
3163	25	24
3164	26	23
3165	25	23
3166	27	24
3167	25	23
3168	25	23
3169	27	24
3170	26	23
3171	26	23
3172	25	23
3173	26	23
3174	25	22
3175	25	23
3176	25	22
3177	25	23
3178	25	23
3179	26	23
3180	26	23
3181	25	23
3182	26	24
3183	25	23
3184	25	23
3185	25	23
3186	25	23
3187	26	23
3188	25	24
3189	25	23
3190	26	23
3191	25	23
3192	25	23
3193	25	23
3194	25	23
3195	25	23
3196	25	23
3197	25	23
3198	26	23
3199	25	22
3200	25	22
3201	25	23
3202	26	23
3203	25	23
3204	25	23
3205	25	23
3206	25	22
3207	25	23
3208	25	23
3209	26	23
3210	25	23
3211	25	23
3212	25	22
3213	25	23
3214	26	23
3215	25	22
3216	25	22
3217	25	23
3218	25	23
3219	25	22
3220	25	24
3221	25	23
3222	25	23
3223	25	22
3224	25	23
3225	25	22
3226	25	23
3227	25	23
3228	25	23
3229	24	22
3230	26	23
3231	25	23
3232	25	23
3233	25	23
3234	25	23
3235	25	22
3236	24	23
3237	25	22
3238	25	22
3239	25	23
3240	25	23
3241	24	23
3242	25	23
3243	24	22
3244	25	22
3245	25	23
3246	25	23
3247	25	23
3248	25	23
3249	25	22
3250	25	22
3251	24	22
3252	25	23
3253	25	23
3254	25	23
3255	25	22
3256	25	23
3257	25	22
3258	25	23
3259	23	23
3260	25	22
3261	26	22
3262	25	23
3263	25	22
3264	25	23
3265	25	23
3266	25	23
3267	25	23
3268	25	23
3269	25	23
3270	25	22
3271	25	23
3272	25	23
3273	25	23
3274	24	22
3275	25	23
3276	24	22
3277	24	23
3278	26	23
3279	25	23
3280	25	22
3281	25	23
3282	25	22
3283	24	22
3284	24	23
3285	25	23
3286	24	23
3287	24	22
3288	25	23
3289	24	21
3290	25	26
3291	25	192
3292	29	207
3293	32	206
3294	37	207
3295	37	205
3296	40	204
3297	44	206
3298	46	205
3299	49	204
3300	55	205
3301	54	204
3302	56	204
3303	58	205
3304	61	205
3305	62	204
3306	66	204
3307	69	205
3308	69	204
3309	73	205
3310	77	207
3311	77	206
3312	79	206
3313	81	205
3314	82	206
3315	86	205
3316	88	207
3317	89	207
3318	92	207
3319	93	207
3320	95	207
3321	97	207
3322	98	208
3323	101	208
3324	102	208
3325	105	208
3326	107	209
3327	106	208
3328	109	208
3329	110	209
3330	113	209
3331	114	209
3332	118	210
3333	117	209
3334	118	209
3335	121	211
3336	121	211
3337	122	210
3338	125	210
3339	129	213
3340	126	211
3341	127	211
3342	130	212
3343	130	211
3344	133	211
3345	133	212
3346	134	212
3347	137	211
3348	137	213
3349	138	213
3350	147	215
3351	141	212
3352	143	213
3353	142	213
3354	145	213
3355	146	213
3356	146	213
3357	148	213
3358	150	214
3359	150	213
3360	150	213
3361	152	214
3362	153	215
3363	153	215
3364	155	214
3365	156	215
3366	157	214
3367	157	216
3368	158	215
3369	160	215
3370	159	214
3371	161	215
3372	162	215
3373	163	215
3374	165	216
3375	165	216
3376	165	216
3377	166	216
3378	165	216
3379	167	215
3380	169	217
3381	169	216
3382	170	217
3383	171	216
3384	171	216
3385	171	216
3386	173	217
3387	173	218
3388	174	217
3389	174	217
3390	181	219
3391	177	217
3392	177	217
3393	178	219
3394	178	218
3395	178	217
3396	180	218
3397	179	217
3398	181	218
3399	181	219
3400	182	219
3401	182	219
3402	182	218
3403	183	218
3404	185	218
3405	185	219
3406	186	219
3407	185	219
3408	185	219
3409	186	219
3410	188	219
3411	187	219
3412	187	220
3413	189	220
3414	189	220
3415	189	220
3416	190	220
3417	182	218
3418	191	220
3419	191	220
3420	191	220
3421	193	220
3422	194	221
3423	193	220
3424	194	220
3425	194	221
3426	193	220
3427	194	221
3428	196	220
3429	194	220
3430	195	220
3431	197	221
3432	197	221
3433	198	221
3434	197	221
3435	197	221
3436	198	221
3437	199	221
3438	201	222
3439	198	221
3440	200	221
3441	201	221
3442	201	221
3443	201	221
3444	201	223
3445	201	222
3446	201	222
3447	202	222
3448	202	222
3449	202	221
3450	203	222
3451	202	222
3452	205	223
3453	203	222
3454	205	223
3455	205	223
3456	202	223
3457	205	223
3458	205	223
3459	205	223
3460	205	223
3461	206	223
3462	206	222
3463	206	224
3464	207	224
3465	207	223
3466	207	223
3467	207	223
3468	207	223
3469	208	223
3470	209	224
3471	209	224
3472	209	223
3473	210	223
3474	210	223
3475	209	223
3476	210	224
3477	210	224
3478	210	225
3479	212	224
3480	210	224
3481	211	223
3482	213	225
3483	212	225
3484	211	225
3485	213	224
3486	213	225
3487	213	224
3488	211	224
3489	213	225
3490	213	225
3491	213	225
3492	213	225
3493	215	225
3494	214	224
3495	218	226
3496	214	225
3497	214	225
3498	214	224
3499	214	225
3500	214	225
3501	215	225
3502	217	226
3503	215	226
3504	215	225
3505	217	226
3506	215	225
3507	216	225
3508	217	226
3509	216	225
3510	215	225
3511	217	225
3512	217	226
3513	216	225
3514	217	227
3515	217	226
3516	218	226
3517	218	225
3518	218	225
3519	217	226
3520	218	225
3521	218	226
3522	217	226
3523	218	226
3524	218	226
3525	218	226
3526	218	226
3527	218	227
3528	219	227
3529	218	226
3530	219	226
3531	219	226
3532	218	226
3533	218	227
3534	221	227
3535	221	227
3536	221	227
3537	219	227
3538	220	227
3539	221	226
3540	221	228
3541	221	227
3542	221	227
3543	221	226
3544	221	227
3545	221	226
3546	221	227
3547	221	227
3548	221	227
3549	221	227
3550	223	228
3551	221	227
3552	221	227
3553	222	228
3554	221	228
3555	222	227
3556	221	227
3557	222	227
3558	222	227
3559	222	228
3560	222	228
3561	222	228
3562	223	228
3563	222	227
3564	222	227
3565	222	227
3566	225	229
3567	222	228
3568	223	227
3569	222	228
3570	223	227
3571	222	227
3572	224	229
3573	222	228
3574	223	228
3575	222	228
3576	223	228
3577	222	228
3578	223	228
3579	224	229
3580	224	229
3581	223	228
3582	225	228
3583	224	228
3584	224	228
3585	224	228
3586	224	228
3587	223	227
3588	224	228
3589	224	228
3590	224	228
3591	225	229
3592	225	229
3593	225	228
3594	224	228
3595	225	228
3596	225	228
3597	225	228
3598	226	229
3599	225	229
3600	225	228
3601	225	228
3602	225	228
3603	225	228
3604	225	229
3605	225	229
3606	225	229
3607	225	228
3608	225	229
3609	225	228
3610	225	229
3611	226	229
3612	226	229
3613	225	229
3614	226	229
3615	226	229
3616	225	228
3617	225	229
3618	225	228
3619	226	229
3620	226	229
3621	226	229
3622	225	228
3623	226	229
3624	226	229
3625	226	229
3626	226	229
3627	226	229
3628	226	229
3629	226	229
3630	227	229
3631	226	230
3632	226	229
3633	226	229
3634	225	229
3635	226	229
3636	226	230
3637	226	229
3638	227	229
3639	226	229
3640	225	229
3641	227	229
3642	227	230
3643	227	229
3644	226	229
3645	227	229
3646	228	229
3647	228	229
3648	226	229
3649	227	229
3650	226	229
3651	226	229
3652	228	229
3653	227	229
3654	226	229
3655	229	231
3656	227	230
3657	228	229
3658	227	229
3659	227	229
3660	228	229
3661	227	229
3662	229	230
3663	228	229
3664	229	229
3665	228	229
3666	228	229
3667	228	229
3668	229	230
3669	229	230
3670	229	230
3671	227	229
3672	228	229
3673	228	229
3674	229	229
3675	227	229
3676	228	230
3677	229	229
3678	229	229
3679	229	229
3680	228	229
3681	229	230
3682	228	229
3683	229	229
3684	228	229
3685	228	229
3686	228	229
3687	229	230
3688	228	230
3689	228	230
3690	229	229
3691	229	230
3692	229	229
3693	229	230
3694	229	230
3695	229	230
3696	229	230
3697	228	230
3698	229	230
3699	228	230
3700	229	230
3701	229	230
3702	229	229
3703	229	230
3704	229	229
3705	229	229
3706	229	230
3707	229	230
3708	229	230
3709	229	230
3710	230	230
3711	229	229
3712	229	230
3713	229	230
3714	229	230
3715	230	230
3716	229	230
3717	229	230
3718	229	229
3719	230	231
3720	229	231
3721	229	230
3722	230	230
3723	229	230
3724	229	229
3725	229	230
3726	230	231
3727	229	230
3728	230	230
3729	229	230
3730	230	230
3731	229	229
3732	229	231
3733	230	231
3734	230	230
3735	229	230
3736	230	231
3737	229	230
3738	230	231
3739	230	231
3740	229	231
3741	230	230
3742	231	231
3743	229	230
3744	229	230
3745	230	231
3746	230	231
3747	230	230
3748	229	230
3749	229	230
3750	229	229
3751	229	230
3752	230	231
3753	229	231
3754	230	230
3755	229	230
3756	229	230
3757	230	230
3758	232	231
3759	229	230
3760	229	231
3761	229	230
3762	230	230
3763	230	230
3764	230	231
3765	229	230
3766	230	231
3767	230	231
3768	229	230
3769	229	230
3770	230	231
3771	229	230
3772	230	230
3773	230	231
3774	231	231
3775	230	230
3776	230	229
3777	229	231
3778	230	230
3779	230	231
3780	230	230
3781	230	230
3782	230	230
3783	230	231
3784	230	231
3785	230	231
3786	230	230
3787	229	230
3788	230	230
3789	230	230
3790	233	231
3791	230	230
3792	230	231
3793	230	231
3794	229	230
3795	231	230
3796	230	232
3797	229	231
3798	231	231
3799	230	231
3800	230	230
3801	229	230
3802	230	231
3803	230	231
3804	230	230
3805	230	230
3806	232	231
3807	230	231
3808	229	228
3809	230	231
3810	231	231
3811	230	231
3812	230	231
3813	230	231
3814	230	230
3815	230	231
3816	229	231
3817	230	231
3818	230	231
3819	230	230
3820	230	230
3821	230	231
3822	233	232
3823	230	231
3824	230	230
3825	231	231
3826	230	231
3827	231	231
3828	230	231
3829	231	231
3830	230	231
3831	230	231
3832	230	231
3833	230	231
3834	230	231
3835	226	230
3836	230	231
3837	231	231
3838	232	231
3839	231	230
3840	230	230
3841	231	231
3842	230	231
3843	231	231
3844	230	231
3845	230	231
3846	230	230
3847	229	231
3848	232	231
3849	231	231
3850	230	230
3851	230	231
3852	230	230
3853	231	231
3854	233	231
3855	230	231
3856	231	230
3857	231	231
3858	230	231
3859	231	230
3860	231	232
3861	230	230
3862	230	230
3863	231	230
3864	229	231
3865	231	230
3866	230	231
3867	231	231
3868	231	231
3869	231	231
3870	233	232
3871	231	231
3872	230	230
3873	231	231
3874	232	231
3875	230	230
3876	230	231
3877	230	231
3878	230	230
3879	230	232
3880	231	231
3881	230	230
3882	231	231
3883	232	231
3884	232	231
3885	231	231
3886	233	232
3887	230	231
3888	231	231
3889	232	231
3890	230	231
3891	231	230
3892	230	98
3893	227	53
3894	225	52
3895	222	52
3896	219	51
3897	217	50
3898	214	51
3899	210	50
3900	209	49
3901	206	49
3902	203	49
3903	201	48
3904	198	47
3905	196	48
3906	194	48
3907	190	47
3908	189	47
3909	186	46
3910	184	45
3911	181	46
3912	179	47
3913	177	45
3914	176	44
3915	173	45
3916	171	44
3917	169	45
3918	168	44
3919	165	44
3920	163	43
3921	160	43
3922	158	43
3923	157	43
3924	156	44
3925	161	43
3926	152	43
3927	150	42
3928	149	42
3929	147	41
3930	145	42
3931	143	42
3932	141	41
3933	140	41
3934	139	41
3935	137	40
3936	135	40
3937	134	41
3938	133	41
3939	131	40
3940	129	39
3941	129	40
3942	126	39
3943	125	40
3944	124	40
3945	121	39
3946	122	39
3947	120	39
3948	119	39
3949	117	39
3950	118	40
3951	116	39
3952	113	38
3953	113	38
3954	112	38
3955	111	37
3956	109	38
3957	109	38
3958	106	37
3959	105	37
3960	105	37
3961	105	37
3962	102	37
3963	102	38
3964	110	40
3965	99	36
3966	100	37
3967	98	36
3968	97	36
3969	97	37
3970	94	37
3971	94	36
3972	93	36
3973	93	36
3974	92	35
3975	90	37
3976	89	36
3977	89	36
3978	88	35
3979	87	36
3980	86	35
3981	85	35
3982	86	36
3983	83	35
3984	83	35
3985	82	35
3986	81	34
3987	81	35
3988	79	35
3989	80	35
3990	78	34
3991	78	34
3992	77	34
3993	77	34
3994	75	34
3995	76	34
3996	75	34
3997	74	33
3998	75	33
3999	73	33
4000	73	33
4001	73	34
4002	70	34
4003	71	34
4004	70	33
4005	69	33
4006	69	32
4007	68	33
4008	68	33
4009	67	33
4010	66	33
4011	66	33
4012	66	32
4013	65	32
4014	66	33
4015	65	33
4016	65	32
4017	64	32
4018	63	31
4019	62	31
4020	62	32
4021	61	32
4022	61	31
4023	61	32
4024	60	32
4025	61	32
4026	59	31
4027	59	32
4028	58	31
4029	58	31
4030	59	32
4031	57	31
4032	57	31
4033	56	31
4034	57	31
4035	56	31
4036	56	31
4037	57	31
4038	54	30
4039	54	31
4040	54	31
4041	54	31
4042	45	30
4043	53	29
4044	53	30
4045	51	30
4046	54	30
4047	51	30
4048	51	30
4049	51	29
4050	50	29
4051	50	29
4052	51	31
4053	50	30
4054	50	29
4055	50	29
4056	49	29
4057	49	29
4058	49	30
4059	49	29
4060	48	29
4061	47	29
4062	49	29
4063	48	29
4064	46	28
4065	46	29
4066	46	29
4067	47	29
4068	46	29
4069	45	28
4070	46	28
4071	45	29
4072	45	29
4073	45	29
4074	45	28
4075	44	29
4076	45	28
4077	43	28
4078	45	29
4079	42	28
4080	42	28
4081	42	28
4082	42	27
4083	41	28
4084	42	29
4085	42	28
4086	42	28
4087	41	28
4088	41	28
4089	41	27
4090	41	28
4091	41	28
4092	41	28
4093	41	28
4094	42	27
4095	41	27
