
TIME STEP:
125 = 20us

VOLTAGE STEP:
CH1:  32 = 0.1V
CH2:  32 = 0.1V
GND	46	110
N	CH1	CH2

0	26	22
1	26	21
2	26	21
3	26	21
4	26	22
5	25	21
6	26	21
7	25	21
8	26	21
9	25	21
10	26	21
11	26	21
12	26	22
13	26	21
14	26	22
15	27	22
16	26	22
17	26	21
18	26	21
19	27	22
20	26	21
21	26	21
22	26	22
23	26	21
24	26	22
25	26	21
26	26	21
27	26	21
28	26	21
29	26	21
30	25	21
31	26	21
32	26	21
33	25	21
34	26	21
35	26	21
36	27	21
37	26	21
38	25	21
39	25	21
40	26	21
41	25	21
42	26	21
43	26	21
44	26	21
45	26	22
46	26	22
47	26	21
48	26	22
49	26	22
50	26	21
51	26	21
52	27	22
53	26	21
54	26	21
55	26	21
56	26	21
57	25	21
58	33	23
59	23	20
60	25	21
61	26	21
62	26	21
63	25	21
64	26	21
65	26	21
66	26	21
67	26	21
68	26	21
69	26	21
70	26	21
71	25	21
72	25	21
73	25	21
74	25	21
75	26	22
76	26	21
77	25	22
78	25	21
79	28	23
80	26	21
81	25	21
82	27	22
83	26	22
84	26	21
85	27	22
86	26	21
87	26	21
88	26	22
89	26	21
90	26	21
91	25	21
92	26	21
93	26	21
94	26	21
95	26	21
96	26	23
97	26	21
98	25	21
99	25	21
100	26	21
101	26	21
102	26	21
103	25	21
104	25	21
105	26	21
106	25	21
107	26	21
108	26	21
109	27	22
110	27	22
111	25	21
112	26	22
113	25	21
114	26	22
115	26	21
116	27	22
117	26	21
118	26	21
119	26	22
120	26	22
121	26	21
122	26	21
123	25	21
124	26	21
125	25	21
126	26	21
127	26	21
128	26	21
129	25	21
130	26	21
131	25	21
132	25	21
133	26	21
134	26	21
135	25	21
136	26	21
137	25	21
138	26	21
139	25	21
140	26	21
141	26	21
142	26	21
143	26	22
144	26	21
145	25	21
146	26	22
147	26	21
148	26	21
149	26	22
150	26	22
151	26	21
152	25	22
153	26	21
154	26	21
155	25	21
156	26	21
157	26	21
158	25	21
159	26	21
160	26	21
161	26	21
162	26	21
163	25	21
164	25	21
165	26	21
166	26	21
167	25	21
168	25	21
169	26	21
170	26	22
171	26	22
172	26	22
173	26	22
174	26	22
175	26	22
176	26	22
177	26	22
178	26	21
179	26	21
180	26	22
181	26	21
182	25	22
183	26	22
184	26	22
185	26	21
186	26	21
187	26	21
188	25	21
189	26	21
190	26	21
191	26	21
192	26	21
193	25	22
194	26	22
195	25	21
196	26	21
197	26	21
198	25	21
199	25	21
200	25	21
201	26	21
202	25	22
203	25	21
204	26	21
205	26	22
206	26	22
207	26	21
208	26	21
209	25	22
210	26	22
211	26	22
212	26	21
213	26	22
214	26	22
215	26	21
216	26	22
217	26	21
218	26	21
219	25	21
220	26	22
221	26	21
222	26	21
223	26	22
224	26	22
225	26	21
226	26	21
227	25	21
228	26	21
229	25	21
230	25	21
231	25	21
232	26	21
233	25	21
234	26	21
235	26	22
236	25	22
237	26	22
238	26	22
239	26	22
240	27	23
241	26	21
242	27	22
243	26	22
244	26	22
245	26	21
246	26	21
247	26	21
248	26	21
249	25	21
250	25	21
251	26	21
252	26	21
253	30	22
254	25	21
255	25	21
256	26	21
257	26	21
258	26	21
259	26	21
260	26	21
261	26	21
262	25	21
263	25	21
264	26	21
265	25	21
266	26	21
267	26	21
268	26	21
269	26	22
270	26	22
271	27	22
272	25	21
273	26	21
274	26	22
275	25	21
276	26	21
277	26	22
278	26	21
279	26	22
280	26	21
281	26	22
282	25	21
283	26	21
284	25	21
285	26	21
286	26	21
287	26	21
288	26	21
289	26	21
290	26	21
291	26	21
292	26	21
293	25	21
294	26	21
295	25	21
296	25	21
297	25	21
298	26	21
299	25	22
300	26	22
301	26	22
302	26	22
303	26	22
304	26	22
305	25	21
306	26	22
307	26	22
308	26	22
309	26	21
310	25	21
311	26	22
312	26	21
313	26	22
314	26	21
315	26	22
316	25	21
317	26	21
318	25	21
319	25	21
320	26	21
321	25	21
322	26	21
323	26	21
324	25	21
325	26	21
326	26	21
327	25	21
328	26	21
329	25	21
330	26	21
331	25	22
332	26	22
333	26	22
334	26	22
335	26	22
336	26	21
337	26	21
338	26	22
339	26	21
340	25	21
341	26	21
342	26	21
343	25	21
344	27	22
345	25	21
346	26	22
347	26	22
348	26	21
349	26	22
350	26	21
351	25	21
352	26	21
353	26	22
354	26	21
355	26	22
356	26	21
357	26	21
358	25	21
359	26	21
360	26	21
361	25	21
362	26	21
363	26	21
364	26	22
365	26	23
366	26	22
367	26	22
368	26	22
369	26	21
370	26	22
371	26	21
372	26	22
373	26	22
374	26	21
375	26	22
376	26	22
377	26	22
378	26	21
379	26	22
380	26	21
381	26	21
382	26	21
383	26	21
384	26	21
385	25	21
386	26	22
387	25	21
388	26	21
389	25	21
390	25	21
391	26	21
392	26	21
393	25	21
394	26	21
395	26	22
396	26	22
397	26	22
398	26	22
399	26	22
400	26	21
401	26	21
402	26	21
403	26	21
404	25	21
405	26	21
406	26	22
407	26	22
408	26	21
409	26	22
410	26	21
411	25	21
412	26	21
413	26	21
414	26	22
415	26	22
416	26	21
417	26	22
418	26	21
419	26	21
420	25	21
421	26	21
422	25	21
423	26	21
424	26	21
425	25	21
426	25	21
427	26	22
428	26	22
429	27	22
430	26	22
431	26	22
432	26	22
433	25	21
434	26	21
435	26	21
436	26	22
437	26	22
438	26	21
439	26	22
440	26	21
441	26	22
442	26	21
443	26	22
444	25	21
445	26	22
446	26	22
447	26	21
448	25	21
449	30	22
450	23	20
451	25	21
452	26	21
453	26	21
454	26	21
455	26	21
456	26	21
457	25	21
458	25	21
459	26	21
460	26	22
461	27	22
462	26	22
463	26	22
464	26	22
465	26	22
466	26	22
467	26	21
468	26	22
469	25	22
470	26	21
471	26	21
472	26	22
473	25	21
474	26	21
475	26	21
476	26	22
477	26	21
478	25	21
479	26	21
480	26	22
481	26	21
482	26	21
483	26	21
484	26	21
485	25	21
486	25	21
487	25	21
488	26	21
489	25	21
490	26	21
491	26	22
492	26	22
493	26	23
494	26	22
495	26	22
496	27	22
497	26	21
498	26	22
499	26	22
500	25	21
501	26	22
502	25	21
503	25	21
504	26	22
505	25	21
506	25	21
507	26	21
508	26	21
509	26	21
510	26	21
511	26	22
512	25	21
513	26	21
514	26	21
515	26	21
516	26	21
517	25	21
518	26	21
519	26	21
520	25	21
521	25	21
522	26	21
523	26	21
524	26	21
525	26	22
526	26	21
527	26	21
528	26	22
529	26	21
530	26	22
531	26	22
532	26	21
533	26	22
534	25	21
535	26	22
536	26	21
537	26	22
538	25	21
539	26	21
540	25	21
541	26	21
542	26	21
543	25	21
544	26	21
545	26	22
546	25	21
547	26	21
548	25	21
549	25	21
550	25	21
551	26	21
552	26	21
553	25	21
554	26	22
555	26	22
556	26	21
557	26	22
558	26	21
559	27	22
560	26	21
561	26	22
562	26	21
563	26	21
564	26	22
565	26	22
566	26	22
567	26	21
568	26	21
569	26	21
570	25	21
571	26	21
572	26	21
573	26	21
574	26	22
575	25	21
576	26	21
577	26	21
578	26	21
579	25	21
580	26	21
581	26	21
582	25	21
583	26	21
584	25	21
585	26	21
586	25	21
587	25	21
588	26	22
589	26	23
590	26	22
591	26	21
592	26	21
593	26	21
594	26	21
595	26	21
596	26	21
597	26	21
598	26	22
599	26	21
600	26	22
601	25	22
602	26	21
603	26	22
604	25	21
605	26	21
606	25	22
607	25	21
608	26	22
609	25	21
610	26	22
611	26	21
612	25	21
613	26	21
614	25	21
615	26	22
616	25	21
617	25	21
618	26	21
619	26	22
620	26	22
621	26	22
622	26	22
623	26	21
624	26	22
625	26	21
626	26	21
627	27	22
628	26	22
629	26	21
630	26	21
631	26	21
632	26	21
633	26	21
634	26	22
635	26	21
636	25	21
637	26	22
638	26	21
639	26	21
640	25	21
641	26	21
642	26	21
643	25	21
644	33	23
645	24	19
646	25	21
647	26	22
648	25	21
649	26	21
650	25	21
651	26	22
652	26	21
653	26	22
654	26	22
655	26	22
656	26	22
657	26	22
658	25	22
659	26	21
660	26	22
661	26	21
662	26	22
663	27	22
664	26	21
665	25	21
666	25	21
667	26	21
668	26	21
669	26	21
670	26	21
671	26	22
672	26	22
673	26	22
674	25	21
675	26	22
676	26	22
677	26	21
678	25	21
679	25	21
680	26	21
681	25	21
682	26	21
683	26	22
684	26	22
685	26	22
686	26	22
687	26	21
688	26	22
689	26	21
690	26	22
691	26	21
692	26	21
693	26	22
694	26	21
695	26	21
696	25	22
697	26	22
698	26	22
699	26	21
700	26	21
701	26	21
702	26	21
703	26	21
704	26	22
705	26	21
706	25	21
707	26	22
708	25	21
709	26	21
710	26	21
711	25	21
712	26	21
713	25	21
714	26	21
715	27	21
716	26	22
717	26	22
718	26	22
719	26	21
720	26	21
721	26	22
722	26	22
723	26	22
724	26	22
725	26	21
726	26	21
727	26	21
728	26	22
729	26	21
730	25	21
731	26	21
732	25	21
733	26	21
734	26	21
735	26	21
736	26	21
737	25	21
738	26	21
739	26	21
740	25	21
741	26	21
742	26	21
743	26	21
744	25	21
745	25	21
746	25	21
747	26	22
748	26	22
749	26	22
750	26	21
751	26	21
752	26	22
753	26	21
754	26	22
755	26	22
756	26	22
757	26	21
758	26	22
759	25	21
760	26	22
761	26	21
762	26	22
763	25	21
764	26	21
765	26	21
766	26	21
767	25	21
768	26	21
769	26	21
770	25	21
771	26	21
772	25	21
773	25	21
774	26	21
775	26	21
776	25	21
777	25	21
778	25	21
779	26	21
780	26	21
781	26	22
782	26	22
783	26	21
784	26	22
785	26	21
786	26	21
787	26	21
788	26	22
789	26	21
790	26	21
791	26	21
792	26	21
793	25	22
794	26	21
795	26	21
796	26	21
797	26	21
798	26	21
799	26	22
800	26	21
801	26	21
802	26	22
803	26	21
804	25	21
805	25	21
806	26	21
807	25	21
808	25	21
809	25	21
810	25	21
811	26	22
812	26	22
813	26	22
814	26	22
815	26	21
816	26	21
817	26	22
818	26	21
819	26	22
820	26	22
821	26	21
822	26	22
823	26	21
824	26	21
825	26	22
826	26	21
827	25	21
828	26	21
829	25	21
830	26	21
831	26	21
832	26	21
833	26	21
834	25	21
835	26	21
836	26	21
837	26	21
838	26	21
839	29	21
840	26	21
841	23	20
842	26	22
843	26	21
844	26	22
845	26	21
846	27	22
847	25	21
848	26	22
849	26	21
850	26	21
851	26	21
852	26	21
853	25	21
854	26	21
855	26	21
856	25	21
857	26	21
858	26	22
859	26	21
860	26	21
861	25	21
862	26	21
863	26	21
864	26	22
865	26	22
866	26	21
867	26	21
868	26	21
869	26	22
870	25	21
871	25	21
872	26	21
873	26	21
874	26	21
875	26	22
876	27	22
877	26	22
878	26	22
879	26	22
880	25	21
881	26	22
882	26	22
883	26	21
884	26	21
885	26	22
886	26	22
887	26	22
888	26	22
889	26	21
890	26	21
891	26	21
892	26	21
893	25	21
894	25	21
895	26	21
896	26	22
897	26	21
898	25	21
899	26	21
900	27	22
901	25	21
902	25	21
903	26	21
904	25	21
905	25	21
906	26	21
907	26	22
908	26	21
909	26	22
910	27	22
911	26	22
912	26	22
913	26	22
914	26	22
915	26	21
916	26	21
917	26	21
918	26	22
919	26	21
920	26	21
921	25	21
922	26	21
923	25	21
924	26	21
925	25	21
926	26	21
927	27	22
928	26	21
929	26	21
930	26	21
931	25	21
932	25	21
933	25	21
934	26	21
935	25	21
936	25	21
937	26	21
938	26	21
939	26	22
940	26	22
941	26	21
942	26	22
943	25	21
944	26	22
945	26	22
946	26	22
947	25	21
948	26	21
949	26	22
950	26	22
951	26	22
952	26	22
953	26	21
954	26	22
955	25	21
956	26	21
957	25	21
958	26	21
959	26	21
960	26	21
961	26	21
962	26	21
963	26	21
964	25	21
965	26	22
966	26	21
967	25	21
968	26	21
969	25	21
970	26	21
971	26	22
972	26	21
973	26	22
974	27	22
975	26	22
976	26	22
977	26	22
978	26	22
979	26	21
980	26	21
981	26	22
982	26	21
983	26	22
984	26	22
985	26	22
986	25	21
987	26	21
988	26	21
989	26	21
990	26	21
991	22	20
992	28	21
993	26	21
994	26	21
995	26	21
996	25	22
997	26	22
998	26	21
999	26	21
1000	26	21
1001	26	21
1002	25	21
1003	25	21
1004	26	22
1005	27	22
1006	26	21
1007	26	22
1008	26	22
1009	26	21
1010	26	22
1011	26	22
1012	26	21
1013	26	21
1014	27	22
1015	26	22
1016	42	37
1017	101	96
1018	145	140
1019	167	163
1020	190	187
1021	206	204
1022	213	211
1023	211	210
1024	209	208
1025	207	207
1026	206	207
1027	205	207
1028	205	207
1029	205	206
1030	204	206
1031	202	206
1032	202	205
1033	201	205
1034	200	205
1035	204	206
1036	197	205
1037	199	206
1038	199	207
1039	197	206
1040	197	205
1041	197	205
1042	196	205
1043	195	205
1044	195	206
1045	193	205
1046	194	205
1047	193	205
1048	192	205
1049	192	205
1050	190	205
1051	190	205
1052	190	205
1053	189	205
1054	189	204
1055	189	205
1056	187	205
1057	186	205
1058	187	205
1059	185	205
1060	185	205
1061	185	205
1062	184	204
1063	182	204
1064	182	204
1065	182	205
1066	182	205
1067	181	205
1068	182	205
1069	181	206
1070	180	205
1071	180	205
1072	180	205
1073	178	205
1074	177	205
1075	178	205
1076	177	205
1077	177	205
1078	177	205
1079	175	205
1080	175	205
1081	174	205
1082	173	204
1083	173	205
1084	173	205
1085	172	204
1086	171	205
1087	171	205
1088	171	205
1089	170	204
1090	170	204
1091	169	204
1092	169	204
1093	169	205
1094	168	204
1095	167	205
1096	166	205
1097	166	204
1098	166	204
1099	166	205
1100	166	205
1101	166	206
1102	166	206
1103	165	205
1104	165	205
1105	163	205
1106	163	205
1107	163	205
1108	161	205
1109	161	205
1110	161	205
1111	161	205
1112	161	205
1113	161	205
1114	160	205
1115	158	205
1116	160	205
1117	158	205
1118	158	206
1119	158	205
1120	158	205
1121	158	206
1122	157	206
1123	156	205
1124	156	205
1125	157	206
1126	154	205
1127	153	206
1128	154	206
1129	153	205
1130	153	206
1131	153	206
1132	153	207
1133	153	207
1134	153	206
1135	153	207
1136	151	206
1137	151	207
1138	151	207
1139	150	207
1140	150	206
1141	150	207
1142	149	207
1143	149	206
1144	148	207
1145	149	207
1146	148	207
1147	146	207
1148	146	207
1149	145	206
1150	146	206
1151	146	207
1152	145	207
1153	145	207
1154	145	207
1155	143	207
1156	145	207
1157	144	206
1158	143	207
1159	143	207
1160	142	207
1161	141	207
1162	141	207
1163	141	207
1164	142	208
1165	141	207
1166	141	208
1167	141	208
1168	139	208
1169	139	208
1170	140	208
1171	138	208
1172	138	207
1173	138	208
1174	137	207
1175	137	208
1176	137	208
1177	137	208
1178	137	208
1179	136	208
1180	135	208
1181	135	208
1182	135	208
1183	135	208
1184	134	208
1185	134	208
1186	134	209
1187	133	208
1188	133	208
1189	134	211
1190	130	207
1191	133	208
1192	131	208
1193	132	208
1194	130	208
1195	130	208
1196	130	208
1197	132	209
1198	131	209
1199	131	209
1200	129	208
1201	129	209
1202	129	209
1203	129	209
1204	129	209
1205	129	209
1206	129	209
1207	128	209
1208	126	209
1209	127	209
1210	126	209
1211	126	209
1212	126	209
1213	125	208
1214	125	209
1215	125	209
1216	125	209
1217	125	209
1218	125	209
1219	124	209
1220	125	210
1221	122	209
1222	122	209
1223	122	209
1224	122	209
1225	121	209
1226	122	209
1227	122	209
1228	122	211
1229	122	210
1230	128	212
1231	118	208
1232	121	210
1233	121	211
1234	120	210
1235	120	210
1236	120	210
1237	121	211
1238	118	209
1239	119	210
1240	118	210
1241	118	210
1242	118	211
1243	117	209
1244	117	210
1245	117	210
1246	117	210
1247	117	211
1248	117	211
1249	117	210
1250	115	210
1251	115	211
1252	115	211
1253	115	210
1254	114	210
1255	114	210
1256	114	210
1257	113	210
1258	113	210
1259	113	211
1260	113	211
1261	114	212
1262	113	212
1263	113	212
1264	113	212
1265	113	211
1266	113	212
1267	113	212
1268	111	211
1269	112	211
1270	111	211
1271	112	212
1272	111	212
1273	110	211
1274	109	211
1275	109	211
1276	109	211
1277	109	211
1278	109	211
1279	108	211
1280	109	211
1281	109	212
1282	109	212
1283	107	212
1284	108	212
1285	107	212
1286	106	212
1287	106	211
1288	106	211
1289	105	212
1290	105	212
1291	105	212
1292	106	212
1293	106	212
1294	106	213
1295	105	213
1296	105	212
1297	105	212
1298	105	213
1299	105	213
1300	105	212
1301	104	213
1302	103	212
1303	103	212
1304	103	212
1305	103	212
1306	102	212
1307	101	212
1308	102	212
1309	102	212
1310	101	212
1311	101	212
1312	101	213
1313	101	212
1314	101	212
1315	100	213
1316	101	212
1317	99	213
1318	100	213
1319	99	212
1320	99	212
1321	99	212
1322	98	213
1323	98	213
1324	98	213
1325	99	213
1326	99	214
1327	98	213
1328	98	213
1329	98	213
1330	97	213
1331	98	213
1332	97	213
1333	97	213
1334	97	213
1335	97	213
1336	97	213
1337	95	213
1338	95	213
1339	97	213
1340	95	213
1341	95	213
1342	94	212
1343	96	213
1344	94	213
1345	94	213
1346	94	213
1347	94	213
1348	94	213
1349	94	213
1350	93	213
1351	93	213
1352	93	213
1353	93	213
1354	93	213
1355	93	213
1356	93	214
1357	93	214
1358	93	214
1359	93	215
1360	93	214
1361	93	214
1362	91	214
1363	91	213
1364	90	214
1365	91	214
1366	90	213
1367	90	214
1368	90	214
1369	90	213
1370	90	213
1371	90	214
1372	89	213
1373	89	214
1374	89	214
1375	89	214
1376	89	214
1377	89	214
1378	89	214
1379	89	215
1380	89	214
1381	88	214
1382	88	214
1383	88	214
1384	87	213
1385	87	213
1386	87	213
1387	88	215
1388	87	215
1389	88	215
1390	87	216
1391	86	215
1392	87	215
1393	86	215
1394	86	215
1395	86	215
1396	86	215
1397	85	214
1398	85	215
1399	86	215
1400	85	215
1401	85	215
1402	84	214
1403	85	215
1404	85	215
1405	83	214
1406	85	215
1407	84	215
1408	84	215
1409	83	215
1410	84	215
1411	82	215
1412	82	215
1413	83	215
1414	82	215
1415	81	215
1416	82	215
1417	81	214
1418	82	214
1419	82	215
1420	82	216
1421	82	215
1422	81	216
1423	82	216
1424	81	216
1425	86	217
1426	80	213
1427	80	214
1428	82	216
1429	80	215
1430	80	215
1431	81	216
1432	80	215
1433	80	216
1434	79	214
1435	79	215
1436	79	215
1437	79	215
1438	78	216
1439	78	215
1440	78	215
1441	78	216
1442	78	216
1443	78	215
1444	78	215
1445	78	215
1446	77	216
1447	77	216
1448	77	215
1449	77	215
1450	77	215
1451	77	216
1452	78	217
1453	77	217
1454	77	216
1455	78	217
1456	77	216
1457	77	216
1458	77	216
1459	77	216
1460	76	216
1461	76	216
1462	75	216
1463	75	216
1464	76	216
1465	75	215
1466	75	216
1467	75	217
1468	73	216
1469	75	216
1470	75	216
1471	74	216
1472	74	216
1473	74	217
1474	73	216
1475	73	217
1476	74	216
1477	74	217
1478	73	217
1479	73	216
1480	73	216
1481	73	216
1482	73	216
1483	73	216
1484	74	217
1485	73	217
1486	73	217
1487	73	217
1488	73	217
1489	73	217
1490	72	216
1491	73	217
1492	72	217
1493	72	217
1494	72	217
1495	72	217
1496	71	216
1497	72	217
1498	71	217
1499	69	216
1500	72	217
1501	70	216
1502	70	217
1503	70	217
1504	70	217
1505	70	217
1506	70	217
1507	70	217
1508	70	217
1509	70	217
1510	69	217
1511	69	217
1512	69	216
1513	69	217
1514	69	217
1515	69	218
1516	69	218
1517	70	218
1518	70	218
1519	69	217
1520	66	217
1521	69	217
1522	69	217
1523	69	218
1524	68	218
1525	69	218
1526	67	218
1527	68	218
1528	67	217
1529	68	217
1530	68	217
1531	67	217
1532	67	217
1533	66	217
1534	66	217
1535	67	217
1536	66	217
1537	66	217
1538	66	218
1539	66	217
1540	66	217
1541	65	217
1542	66	218
1543	66	217
1544	65	217
1545	65	217
1546	65	217
1547	66	218
1548	65	218
1549	66	219
1550	65	219
1551	65	218
1552	65	219
1553	66	219
1554	66	219
1555	65	218
1556	65	219
1557	65	219
1558	65	219
1559	65	218
1560	65	219
1561	65	218
1562	65	219
1563	63	218
1564	64	218
1565	64	218
1566	62	217
1567	65	218
1568	63	218
1569	64	219
1570	64	218
1571	67	220
1572	61	217
1573	65	219
1574	63	218
1575	62	218
1576	62	218
1577	62	218
1578	62	219
1579	62	219
1580	62	219
1581	62	219
1582	63	219
1583	62	219
1584	62	219
1585	62	219
1586	62	219
1587	62	219
1588	62	219
1589	62	219
1590	61	219
1591	62	219
1592	61	219
1593	62	219
1594	61	219
1595	61	219
1596	61	218
1597	61	218
1598	61	219
1599	61	219
1600	61	219
1601	61	219
1602	61	219
1603	61	219
1604	61	218
1605	60	219
1606	61	219
1607	60	218
1608	59	218
1609	60	219
1610	59	219
1611	59	219
1612	61	219
1613	61	219
1614	60	220
1615	61	220
1616	60	219
1617	59	219
1618	60	219
1619	60	220
1620	59	219
1621	58	217
1622	57	218
1623	60	220
1624	58	220
1625	58	219
1626	58	219
1627	58	219
1628	58	219
1629	58	220
1630	58	219
1631	58	219
1632	58	220
1633	58	219
1634	58	219
1635	58	219
1636	57	219
1637	57	219
1638	57	219
1639	57	219
1640	57	220
1641	57	219
1642	57	219
1643	57	220
1644	57	220
1645	57	220
1646	58	220
1647	57	220
1648	57	221
1649	57	220
1650	57	220
1651	58	220
1652	57	220
1653	57	220
1654	57	219
1655	56	220
1656	57	220
1657	56	220
1658	56	220
1659	55	219
1660	56	219
1661	57	220
1662	56	220
1663	55	220
1664	56	220
1665	55	220
1666	56	220
1667	56	220
1668	55	220
1669	55	220
1670	56	220
1671	54	219
1672	54	220
1673	54	219
1674	54	220
1675	55	221
1676	55	220
1677	55	221
1678	55	220
1679	55	221
1680	55	220
1681	55	221
1682	54	220
1683	54	220
1684	55	221
1685	54	220
1686	54	221
1687	54	221
1688	54	220
1689	54	221
1690	54	220
1691	54	220
1692	53	220
1693	54	220
1694	54	221
1695	53	221
1696	54	221
1697	54	220
1698	53	221
1699	53	220
1700	53	221
1701	53	221
1702	53	221
1703	53	220
1704	53	221
1705	52	220
1706	53	220
1707	53	221
1708	53	221
1709	52	221
1710	53	221
1711	53	221
1712	53	221
1713	53	221
1714	53	221
1715	52	220
1716	52	221
1717	53	221
1718	52	221
1719	53	221
1720	53	221
1721	52	221
1722	51	220
1723	52	221
1724	51	221
1725	52	221
1726	51	221
1727	51	221
1728	51	221
1729	51	221
1730	51	221
1731	51	221
1732	50	221
1733	51	221
1734	50	221
1735	50	221
1736	50	221
1737	50	220
1738	51	221
1739	50	221
1740	52	222
1741	50	221
1742	50	221
1743	50	221
1744	50	222
1745	51	222
1746	50	221
1747	50	221
1748	50	221
1749	50	221
1750	50	222
1751	50	221
1752	49	221
1753	50	221
1754	50	222
1755	49	221
1756	49	221
1757	49	221
1758	49	221
1759	50	222
1760	49	221
1761	49	221
1762	50	221
1763	49	221
1764	49	221
1765	49	221
1766	49	221
1767	49	221
1768	49	221
1769	49	221
1770	49	221
1771	49	221
1772	49	222
1773	49	222
1774	49	222
1775	49	222
1776	49	223
1777	49	223
1778	49	222
1779	49	222
1780	49	222
1781	49	222
1782	49	222
1783	49	222
1784	49	222
1785	49	222
1786	49	221
1787	48	221
1788	49	221
1789	48	221
1790	47	221
1791	49	222
1792	48	222
1793	47	222
1794	48	221
1795	49	222
1796	48	221
1797	47	221
1798	48	222
1799	47	221
1800	47	222
1801	46	221
1802	46	221
1803	47	222
1804	48	222
1805	47	222
1806	47	222
1807	48	222
1808	47	222
1809	46	223
1810	48	223
1811	47	222
1812	47	222
1813	46	222
1814	47	223
1815	46	223
1816	49	221
1817	42	220
1818	48	222
1819	46	222
1820	45	222
1821	46	222
1822	47	222
1823	46	222
1824	46	223
1825	46	222
1826	46	222
1827	46	222
1828	46	222
1829	46	222
1830	46	222
1831	45	222
1832	46	222
1833	45	222
1834	45	222
1835	45	223
1836	46	223
1837	46	223
1838	46	223
1839	46	223
1840	46	223
1841	45	223
1842	45	223
1843	45	223
1844	46	223
1845	45	223
1846	45	223
1847	45	223
1848	45	222
1849	45	223
1850	45	223
1851	45	223
1852	45	222
1853	45	222
1854	45	223
1855	45	223
1856	45	223
1857	45	222
1858	45	223
1859	44	222
1860	45	223
1861	45	223
1862	45	222
1863	43	222
1864	45	223
1865	43	222
1866	45	223
1867	45	223
1868	45	223
1869	45	223
1870	45	223
1871	44	223
1872	45	224
1873	45	223
1874	45	223
1875	45	223
1876	45	223
1877	44	223
1878	45	223
1879	43	223
1880	43	223
1881	44	223
1882	43	223
1883	44	223
1884	44	223
1885	42	222
1886	44	223
1887	43	223
1888	43	223
1889	44	223
1890	43	223
1891	42	223
1892	44	223
1893	42	223
1894	43	223
1895	42	223
1896	42	223
1897	42	223
1898	42	223
1899	42	223
1900	43	224
1901	44	224
1902	43	224
1903	42	224
1904	43	223
1905	44	224
1906	45	224
1907	43	224
1908	42	223
1909	44	224
1910	43	223
1911	42	223
1912	42	223
1913	43	223
1914	42	223
1915	42	223
1916	42	223
1917	42	223
1918	42	223
1919	42	224
1920	42	223
1921	42	223
1922	42	224
1923	42	224
1924	42	224
1925	42	223
1926	41	223
1927	41	223
1928	41	222
1929	41	223
1930	41	223
1931	42	223
1932	42	224
1933	42	224
1934	42	225
1935	41	224
1936	42	224
1937	42	223
1938	42	224
1939	42	224
1940	41	224
1941	42	224
1942	41	224
1943	41	224
1944	42	224
1945	42	224
1946	42	224
1947	41	224
1948	41	224
1949	41	224
1950	41	224
1951	41	224
1952	41	223
1953	41	224
1954	41	224
1955	41	224
1956	41	224
1957	41	223
1958	41	224
1959	41	224
1960	42	224
1961	41	223
1962	41	224
1963	41	224
1964	41	224
1965	41	225
1966	41	225
1967	41	224
1968	41	224
1969	41	224
1970	41	224
1971	41	224
1972	41	224
1973	41	224
1974	41	224
1975	41	225
1976	41	224
1977	41	224
1978	41	224
1979	41	224
1980	40	224
1981	41	224
1982	41	224
1983	40	224
1984	41	224
1985	41	225
1986	38	224
1987	40	224
1988	41	224
1989	40	224
1990	39	224
1991	40	224
1992	41	224
1993	40	224
1994	39	224
1995	40	224
1996	39	224
1997	41	225
1998	41	225
1999	41	225
2000	41	225
2001	41	225
2002	40	225
2003	40	225
2004	40	225
2005	40	225
2006	40	225
2007	40	225
2008	40	225
2009	39	224
2010	39	225
2011	43	225
2012	37	221
2013	38	223
2014	41	225
2015	38	225
2016	39	225
2017	39	224
2018	40	225
2019	39	224
2020	39	224
2021	39	225
2022	38	223
2023	38	225
2024	38	224
2025	39	224
2026	39	225
2027	39	225
2028	40	225
2029	39	225
2030	39	225
2031	39	225
2032	40	225
2033	40	225
2034	38	225
2035	39	225
2036	39	225
2037	39	225
2038	39	225
2039	39	225
2040	39	225
2041	38	225
2042	38	225
2043	38	225
2044	38	225
2045	38	225
2046	38	225
2047	38	225
2048	38	225
2049	38	225
2050	38	225
2051	38	225
2052	38	225
2053	38	225
2054	38	225
2055	38	225
2056	37	224
2057	38	225
2058	37	225
2059	38	225
2060	38	225
2061	38	225
2062	39	226
2063	38	225
2064	38	225
2065	38	225
2066	38	225
2067	38	225
2068	38	225
2069	38	226
2070	38	225
2071	38	225
2072	38	225
2073	38	226
2074	37	225
2075	38	225
2076	38	225
2077	38	225
2078	37	225
2079	38	225
2080	37	225
2081	38	225
2082	37	225
2083	38	225
2084	37	225
2085	37	225
2086	37	225
2087	37	225
2088	37	225
2089	37	225
2090	37	225
2091	37	225
2092	38	226
2093	38	226
2094	38	226
2095	37	225
2096	37	225
2097	37	225
2098	38	226
2099	37	226
2100	37	226
2101	37	225
2102	38	226
2103	37	225
2104	37	225
2105	37	225
2106	37	226
2107	37	225
2108	37	225
2109	37	225
2110	37	225
2111	37	226
2112	37	225
2113	37	225
2114	37	225
2115	37	225
2116	36	225
2117	38	225
2118	37	226
2119	37	225
2120	37	225
2121	37	225
2122	37	225
2123	37	226
2124	37	226
2125	37	226
2126	37	226
2127	37	226
2128	37	225
2129	37	226
2130	37	226
2131	37	226
2132	37	226
2133	37	225
2134	37	225
2135	37	225
2136	37	226
2137	37	226
2138	36	226
2139	37	225
2140	37	225
2141	36	226
2142	37	226
2143	37	226
2144	36	225
2145	35	225
2146	37	226
2147	37	225
2148	36	225
2149	37	225
2150	35	225
2151	37	226
2152	35	226
2153	35	226
2154	35	226
2155	36	225
2156	37	226
2157	37	227
2158	36	226
2159	35	226
2160	37	226
2161	36	227
2162	36	226
2163	37	226
2164	37	226
2165	36	227
2166	37	226
2167	36	226
2168	36	226
2169	36	226
2170	35	226
2171	36	226
2172	35	225
2173	36	225
2174	36	226
2175	37	226
2176	35	226
2177	36	226
2178	35	225
2179	35	226
2180	35	226
2181	35	225
2182	35	226
2183	36	226
2184	34	225
2185	35	225
2186	34	225
2187	35	226
2188	35	226
2189	36	227
2190	36	227
2191	35	226
2192	34	226
2193	36	227
2194	36	226
2195	35	226
2196	36	226
2197	37	227
2198	35	227
2199	35	226
2200	35	226
2201	36	227
2202	34	226
2203	35	226
2204	35	226
2205	35	226
2206	34	226
2207	37	225
2208	33	224
2209	36	227
2210	35	226
2211	35	225
2212	35	226
2213	35	226
2214	34	225
2215	34	226
2216	34	226
2217	34	226
2218	34	225
2219	34	226
2220	35	226
2221	36	227
2222	35	226
2223	35	226
2224	36	227
2225	34	226
2226	35	226
2227	35	227
2228	35	227
2229	34	226
2230	35	227
2231	35	227
2232	34	226
2233	34	226
2234	34	227
2235	34	226
2236	35	226
2237	34	227
2238	34	227
2239	34	226
2240	34	226
2241	34	227
2242	33	226
2243	34	226
2244	34	226
2245	34	226
2246	34	227
2247	33	225
2248	34	226
2249	34	226
2250	34	227
2251	34	226
2252	34	226
2253	35	227
2254	34	227
2255	34	226
2256	34	226
2257	34	227
2258	35	227
2259	34	227
2260	34	227
2261	34	227
2262	34	226
2263	34	227
2264	34	226
2265	34	227
2266	34	226
2267	34	226
2268	34	226
2269	34	227
2270	34	226
2271	34	227
2272	34	226
2273	34	227
2274	33	226
2275	33	226
2276	33	227
2277	33	226
2278	33	226
2279	33	226
2280	33	226
2281	34	227
2282	33	226
2283	33	227
2284	34	227
2285	34	227
2286	34	227
2287	34	227
2288	34	227
2289	34	227
2290	34	227
2291	34	227
2292	34	227
2293	33	227
2294	34	227
2295	34	227
2296	33	227
2297	34	227
2298	34	227
2299	33	227
2300	33	226
2301	34	227
2302	34	227
2303	33	227
2304	33	226
2305	34	226
2306	33	227
2307	33	227
2308	33	227
2309	33	227
2310	33	226
2311	33	227
2312	33	226
2313	33	227
2314	33	227
2315	33	227
2316	33	227
2317	33	227
2318	34	228
2319	33	227
2320	33	227
2321	34	228
2322	33	227
2323	33	227
2324	33	227
2325	34	228
2326	34	227
2327	33	227
2328	34	227
2329	33	227
2330	33	227
2331	33	227
2332	33	227
2333	33	227
2334	33	227
2335	33	227
2336	33	227
2337	33	227
2338	33	227
2339	33	227
2340	33	227
2341	33	227
2342	33	227
2343	33	227
2344	32	227
2345	33	227
2346	33	227
2347	33	227
2348	33	227
2349	33	228
2350	33	227
2351	33	227
2352	33	228
2353	33	227
2354	33	228
2355	34	227
2356	33	227
2357	33	227
2358	33	227
2359	33	227
2360	33	227
2361	33	228
2362	33	227
2363	33	228
2364	33	227
2365	33	227
2366	33	227
2367	33	227
2368	33	227
2369	33	227
2370	33	227
2371	33	227
2372	33	227
2373	33	227
2374	33	227
2375	33	226
2376	33	227
2377	33	227
2378	33	227
2379	33	227
2380	33	228
2381	33	228
2382	33	228
2383	33	228
2384	33	227
2385	33	227
2386	33	228
2387	33	227
2388	33	227
2389	33	227
2390	33	227
2391	33	228
2392	33	228
2393	33	228
2394	33	227
2395	33	227
2396	33	228
2397	33	227
2398	32	227
2399	33	227
2400	33	228
2401	33	227
2402	37	228
2403	29	225
2404	33	227
2405	33	228
2406	33	227
2407	32	227
2408	33	227
2409	32	227
2410	31	227
2411	33	227
2412	33	228
2413	33	228
2414	33	228
2415	33	228
2416	33	228
2417	33	228
2418	33	228
2419	33	228
2420	33	227
2421	33	228
2422	33	228
2423	33	228
2424	33	227
2425	33	228
2426	32	228
2427	33	227
2428	33	227
2429	32	228
2430	32	227
2431	33	227
2432	33	227
2433	32	227
2434	33	228
2435	32	227
2436	32	228
2437	32	227
2438	32	227
2439	32	227
2440	32	227
2441	32	227
2442	33	227
2443	32	228
2444	33	228
2445	33	228
2446	33	228
2447	33	228
2448	33	228
2449	33	228
2450	33	228
2451	33	228
2452	32	228
2453	32	228
2454	32	228
2455	32	228
2456	33	228
2457	32	228
2458	31	227
2459	32	227
2460	32	228
2461	32	227
2462	32	228
2463	33	228
2464	33	228
2465	32	228
2466	33	227
2467	32	227
2468	33	228
2469	33	228
2470	32	227
2471	32	228
2472	31	227
2473	31	227
2474	31	228
2475	32	228
2476	32	228
2477	33	229
2478	32	228
2479	32	228
2480	32	227
2481	33	228
2482	33	228
2483	33	228
2484	33	228
2485	32	228
2486	32	228
2487	33	228
2488	32	228
2489	32	228
2490	32	228
2491	31	227
2492	32	228
2493	31	227
2494	32	228
2495	31	228
2496	32	228
2497	32	228
2498	31	228
2499	31	228
2500	31	228
2501	31	227
2502	32	228
2503	31	228
2504	30	228
2505	30	227
2506	31	227
2507	32	228
2508	31	228
2509	32	228
2510	31	228
2511	32	228
2512	32	229
2513	32	228
2514	32	228
2515	32	228
2516	31	228
2517	31	228
2518	32	228
2519	31	228
2520	31	228
2521	31	228
2522	31	227
2523	31	228
2524	31	228
2525	30	228
2526	31	228
2527	31	228
2528	31	228
2529	32	228
2530	31	228
2531	31	228
2532	31	228
2533	30	227
2534	31	228
2535	32	228
2536	30	227
2537	30	228
2538	32	228
2539	32	228
2540	32	229
2541	32	228
2542	31	229
2543	32	228
2544	32	228
2545	32	228
2546	32	228
2547	31	228
2548	32	228
2549	31	228
2550	31	228
2551	32	229
2552	30	228
2553	31	228
2554	31	228
2555	30	228
2556	30	229
2557	30	228
2558	32	228
2559	30	228
2560	30	228
2561	31	228
2562	31	228
2563	30	228
2564	30	227
2565	31	228
2566	31	228
2567	30	228
2568	30	228
2569	30	228
2570	30	228
2571	30	228
2572	32	229
2573	31	229
2574	30	228
2575	31	229
2576	31	229
2577	31	229
2578	31	228
2579	31	228
2580	31	229
2581	30	229
2582	30	228
2583	31	229
2584	30	228
2585	31	228
2586	32	229
2587	30	228
2588	30	228
2589	30	228
2590	30	228
2591	31	228
2592	31	228
2593	30	228
2594	31	228
2595	30	228
2596	30	228
2597	34	229
2598	29	225
2599	30	227
2600	31	228
2601	30	228
2602	30	228
2603	30	229
2604	31	229
2605	31	229
2606	31	229
2607	30	229
2608	31	228
2609	31	229
2610	30	228
2611	30	229
2612	31	229
2613	31	228
2614	30	228
2615	31	228
2616	31	229
2617	30	228
2618	30	229
2619	30	228
2620	30	229
2621	30	228
2622	30	229
2623	31	229
2624	31	228
2625	30	228
2626	30	228
2627	30	228
2628	30	228
2629	30	228
2630	30	228
2631	29	228
2632	30	228
2633	30	228
2634	29	228
2635	30	229
2636	30	229
2637	31	229
2638	31	229
2639	31	229
2640	30	229
2641	30	228
2642	30	229
2643	31	229
2644	30	229
2645	31	229
2646	30	229
2647	30	228
2648	30	229
2649	30	229
2650	31	229
2651	30	229
2652	30	229
2653	30	228
2654	30	228
2655	30	229
2656	30	229
2657	31	229
2658	30	228
2659	30	229
2660	31	229
2661	29	228
2662	32	229
2663	30	228
2664	29	228
2665	30	229
2666	30	228
2667	31	229
2668	30	229
2669	30	229
2670	31	229
2671	30	229
2672	30	229
2673	30	229
2674	31	229
2675	30	229
2676	30	229
2677	30	229
2678	30	229
2679	30	229
2680	30	229
2681	30	228
2682	30	228
2683	30	228
2684	30	229
2685	30	229
2686	30	229
2687	30	228
2688	30	228
2689	30	229
2690	31	229
2691	30	229
2692	30	229
2693	30	229
2694	30	229
2695	29	229
2696	30	228
2697	29	228
2698	29	228
2699	30	229
2700	30	229
2701	30	229
2702	30	229
2703	30	229
2704	30	229
2705	30	229
2706	30	229
2707	30	229
2708	30	229
2709	30	229
2710	30	229
2711	30	229
2712	30	229
2713	30	229
2714	30	229
2715	30	229
2716	30	228
2717	29	228
2718	30	229
2719	30	229
2720	30	229
2721	29	228
2722	31	229
2723	29	229
2724	30	229
2725	30	229
2726	30	229
2727	30	228
2728	29	229
2729	30	228
2730	30	229
2731	30	229
2732	30	229
2733	30	229
2734	30	229
2735	30	229
2736	30	229
2737	30	229
2738	30	229
2739	30	229
2740	30	229
2741	30	229
2742	30	229
2743	30	229
2744	30	229
2745	30	229
2746	30	229
2747	30	229
2748	30	229
2749	30	229
2750	30	229
2751	30	229
2752	30	229
2753	29	229
2754	30	229
2755	30	229
2756	30	229
2757	29	228
2758	29	229
2759	30	229
2760	29	229
2761	30	229
2762	29	229
2763	30	229
2764	30	229
2765	30	229
2766	30	229
2767	30	229
2768	30	229
2769	30	229
2770	30	229
2771	29	229
2772	30	229
2773	30	229
2774	29	229
2775	30	229
2776	30	229
2777	29	229
2778	30	229
2779	29	229
2780	29	229
2781	29	229
2782	29	229
2783	30	229
2784	29	229
2785	30	229
2786	30	229
2787	29	229
2788	30	229
2789	30	229
2790	29	229
2791	30	228
2792	30	229
2793	25	226
2794	29	228
2795	31	229
2796	30	229
2797	30	229
2798	30	229
2799	30	229
2800	30	229
2801	30	229
2802	30	229
2803	30	229
2804	30	229
2805	30	229
2806	29	229
2807	29	229
2808	30	229
2809	30	229
2810	29	229
2811	29	229
2812	30	229
2813	29	229
2814	30	229
2815	29	229
2816	29	229
2817	29	229
2818	30	229
2819	30	229
2820	29	229
2821	29	229
2822	29	229
2823	29	229
2824	29	229
2825	29	229
2826	29	229
2827	29	229
2828	30	229
2829	30	229
2830	30	229
2831	30	229
2832	30	229
2833	30	230
2834	30	229
2835	30	229
2836	30	230
2837	30	229
2838	29	229
2839	30	229
2840	30	229
2841	30	229
2842	29	229
2843	29	229
2844	29	229
2845	29	229
2846	30	229
2847	30	229
2848	30	229
2849	30	229
2850	29	229
2851	29	229
2852	29	229
2853	29	229
2854	29	229
2855	29	229
2856	29	229
2857	29	229
2858	29	229
2859	29	229
2860	30	229
2861	30	229
2862	30	230
2863	29	229
2864	30	229
2865	30	229
2866	29	229
2867	29	229
2868	30	229
2869	30	230
2870	29	229
2871	30	229
2872	30	229
2873	30	230
2874	29	230
2875	29	229
2876	29	228
2877	29	229
2878	29	229
2879	29	229
2880	29	229
2881	29	229
2882	29	229
2883	29	229
2884	29	229
2885	29	229
2886	29	229
2887	29	229
2888	29	229
2889	29	229
2890	29	229
2891	30	230
2892	29	229
2893	30	229
2894	29	229
2895	29	229
2896	30	229
2897	29	229
2898	30	229
2899	29	229
2900	29	229
2901	30	229
2902	29	229
2903	29	229
2904	29	229
2905	29	230
2906	29	229
2907	30	229
2908	29	229
2909	29	229
2910	29	229
2911	29	229
2912	29	229
2913	29	230
2914	29	229
2915	29	229
2916	29	229
2917	29	229
2918	29	229
2919	29	229
2920	29	229
2921	29	229
2922	29	229
2923	30	229
2924	29	229
2925	29	230
2926	30	230
2927	29	229
2928	29	229
2929	30	229
2930	29	229
2931	29	229
2932	29	229
2933	29	229
2934	29	229
2935	30	229
2936	29	229
2937	30	229
2938	29	229
2939	29	229
2940	29	229
2941	29	229
2942	29	229
2943	29	229
2944	29	229
2945	29	229
2946	29	229
2947	29	229
2948	29	229
2949	29	229
2950	29	229
2951	29	229
2952	29	229
2953	29	229
2954	29	229
2955	29	229
2956	29	229
2957	30	230
2958	29	230
2959	29	229
2960	29	230
2961	29	229
2962	29	229
2963	29	230
2964	29	230
2965	29	229
2966	29	230
2967	29	229
2968	29	229
2969	29	229
2970	29	229
2971	29	229
2972	29	228
2973	29	229
2974	29	230
2975	29	229
2976	29	229
2977	29	229
2978	29	229
2979	29	229
2980	29	229
2981	29	229
2982	29	229
2983	29	229
2984	29	229
2985	29	229
2986	29	229
2987	29	229
2988	26	229
2989	27	228
2990	32	230
2991	29	229
2992	29	230
2993	29	229
2994	30	230
2995	29	229
2996	29	229
2997	29	230
2998	29	229
2999	29	230
3000	29	229
3001	30	230
3002	29	230
3003	29	229
3004	28	229
3005	29	229
3006	29	229
3007	29	229
3008	29	229
3009	29	229
3010	29	229
3011	29	230
3012	29	229
3013	29	229
3014	29	229
3015	29	229
3016	28	229
3017	29	229
3018	29	229
3019	29	230
3020	29	230
3021	30	230
3022	29	230
3023	29	230
3024	29	229
3025	29	230
3026	29	229
3027	29	229
3028	29	230
3029	29	230
3030	29	229
3031	29	229
3032	29	229
3033	29	229
3034	29	229
3035	29	229
3036	29	230
3037	29	229
3038	29	229
3039	29	229
3040	29	230
3041	29	229
3042	29	229
3043	28	229
3044	29	229
3045	29	230
3046	29	229
3047	29	229
3048	29	229
3049	29	229
3050	28	229
3051	29	230
3052	29	230
3053	29	230
3054	29	230
3055	29	229
3056	29	230
3057	29	230
3058	29	229
3059	30	230
3060	29	229
3061	29	230
3062	29	230
3063	29	230
3064	29	230
3065	29	229
3066	29	230
3067	28	229
3068	29	229
3069	29	229
3070	28	229
3071	29	229
3072	28	229
3073	29	229
3074	29	229
3075	29	229
3076	29	229
3077	29	229
3078	28	229
3079	29	229
3080	29	229
3081	29	229
3082	29	230
3083	29	229
3084	29	229
3085	29	230
3086	29	230
3087	29	229
3088	29	229
3089	29	230
3090	29	230
3091	29	230
3092	28	229
3093	29	230
3094	29	230
3095	29	229
3096	29	230
3097	29	230
3098	28	229
3099	29	230
3100	29	229
3101	29	230
3102	29	229
3103	29	229
3104	29	229
3105	29	230
3106	27	229
3107	29	229
3108	29	229
3109	29	229
3110	29	230
3111	28	229
3112	28	229
3113	29	229
3114	29	229
3115	29	230
3116	29	230
3117	29	230
3118	29	229
3119	29	230
3120	29	230
3121	29	230
3122	29	230
3123	29	229
3124	29	230
3125	29	229
3126	29	229
3127	29	229
3128	29	230
3129	29	229
3130	29	229
3131	22	228
3132	33	231
3133	29	229
3134	29	229
3135	29	230
3136	29	229
3137	29	229
3138	29	229
3139	28	229
3140	29	229
3141	29	229
3142	29	229
3143	29	229
3144	28	229
3145	28	229
3146	29	230
3147	29	229
3148	29	231
3149	29	230
3150	29	231
3151	29	230
3152	29	230
3153	29	230
3154	29	230
3155	29	229
3156	29	230
3157	29	229
3158	29	230
3159	29	229
3160	29	230
3161	29	229
3162	29	230
3163	29	230
3164	28	229
3165	29	229
3166	29	230
3167	29	229
3168	29	230
3169	28	229
3170	29	230
3171	29	229
3172	29	230
3173	29	229
3174	28	229
3175	29	230
3176	29	229
3177	29	229
3178	28	229
3179	28	230
3180	29	230
3181	29	230
3182	29	230
3183	29	231
3184	25	228
3185	31	231
3186	29	231
3187	29	230
3188	28	230
3189	29	230
3190	29	230
3191	29	230
3192	29	230
3193	29	230
3194	28	229
3195	29	229
3196	28	229
3197	28	229
3198	29	230
3199	29	229
3200	29	230
3201	29	230
3202	28	229
3203	28	230
3204	28	230
3205	28	229
3206	29	230
3207	28	229
3208	27	229
3209	27	229
3210	28	229
3211	29	229
3212	29	229
3213	29	230
3214	29	231
3215	29	230
3216	28	230
3217	29	230
3218	29	231
3219	28	230
3220	29	230
3221	29	230
3222	29	231
3223	32	231
3224	25	229
3225	29	230
3226	29	230
3227	27	230
3228	29	230
3229	29	229
3230	29	230
3231	29	230
3232	28	229
3233	29	229
3234	27	230
3235	28	230
3236	29	230
3237	29	230
3238	29	230
3239	27	229
3240	29	229
3241	28	229
3242	29	230
3243	29	230
3244	29	230
3245	29	230
3246	29	229
3247	29	230
3248	29	230
3249	28	230
3250	29	230
3251	29	230
3252	29	230
3253	29	230
3254	29	230
3255	28	230
3256	29	230
3257	29	230
3258	29	229
3259	29	230
3260	29	230
3261	27	229
3262	28	230
3263	29	229
3264	28	229
3265	29	230
3266	28	230
3267	29	230
3268	28	230
3269	28	230
3270	28	229
3271	28	229
3272	28	229
3273	28	230
3274	29	229
3275	27	229
3276	28	230
3277	29	231
3278	29	231
3279	28	230
3280	29	230
3281	28	230
3282	29	231
3283	28	230
3284	29	231
3285	28	230
3286	29	231
3287	29	230
3288	27	230
3289	29	230
3290	29	230
3291	27	230
3292	29	230
3293	28	230
3294	28	230
3295	29	230
3296	29	230
3297	28	230
3298	27	230
3299	29	230
3300	29	230
3301	28	229
3302	28	230
3303	27	229
3304	28	229
3305	28	229
3306	28	229
3307	28	230
3308	29	231
3309	29	230
3310	29	230
3311	29	231
3312	29	231
3313	29	230
3314	29	230
3315	27	230
3316	29	230
3317	29	230
3318	29	230
3319	29	231
3320	28	230
3321	28	230
3322	29	230
3323	28	229
3324	24	229
3325	30	231
3326	28	229
3327	28	230
3328	29	230
3329	29	230
3330	27	230
3331	28	230
3332	28	229
3333	27	230
3334	28	229
3335	29	230
3336	26	229
3337	27	229
3338	27	229
3339	28	231
3340	29	230
3341	29	230
3342	29	231
3343	29	231
3344	28	230
3345	29	231
3346	29	230
3347	29	230
3348	29	231
3349	29	229
3350	28	230
3351	29	230
3352	29	231
3353	29	230
3354	28	230
3355	29	230
3356	29	230
3357	28	230
3358	28	230
3359	29	231
3360	27	230
3361	28	231
3362	28	230
3363	28	230
3364	28	229
3365	29	230
3366	28	230
3367	28	230
3368	28	230
3369	28	230
3370	28	230
3371	29	230
3372	29	231
3373	29	231
3374	29	230
3375	29	231
3376	29	231
3377	28	230
3378	30	231
3379	24	226
3380	27	229
3381	30	231
3382	28	230
3383	27	229
3384	29	230
3385	27	230
3386	28	230
3387	29	231
3388	28	229
3389	28	230
3390	28	230
3391	27	231
3392	27	230
3393	29	230
3394	28	230
3395	28	230
3396	28	230
3397	28	230
3398	28	229
3399	27	229
3400	29	229
3401	28	229
3402	29	229
3403	28	231
3404	28	231
3405	28	230
3406	29	231
3407	29	231
3408	29	230
3409	28	230
3410	28	230
3411	27	230
3412	29	230
3413	27	230
3414	29	231
3415	28	230
3416	28	230
3417	29	230
3418	28	230
3419	27	230
3420	28	230
3421	29	230
3422	29	229
3423	28	230
3424	28	231
3425	27	230
3426	29	231
3427	28	230
3428	27	229
3429	28	230
3430	28	230
3431	28	230
3432	28	229
3433	27	230
3434	28	230
3435	27	229
3436	29	231
3437	29	231
3438	28	230
3439	29	231
3440	28	230
3441	29	230
3442	29	231
3443	29	231
3444	28	230
3445	28	231
3446	28	230
3447	28	231
3448	28	230
3449	27	230
3450	29	231
3451	28	230
3452	27	229
3453	29	231
3454	27	230
3455	28	230
3456	28	230
3457	28	230
3458	27	230
3459	28	231
3460	28	230
3461	27	230
3462	27	230
3463	27	229
3464	26	229
3465	27	230
3466	27	230
3467	28	230
3468	28	231
3469	29	231
3470	28	230
3471	28	230
3472	27	230
3473	29	230
3474	28	230
3475	29	231
3476	27	231
3477	27	231
3478	29	231
3479	28	230
3480	28	231
3481	27	230
3482	28	231
3483	28	230
3484	27	230
3485	28	230
3486	27	229
3487	27	230
3488	27	231
3489	29	230
3490	27	230
3491	28	230
3492	28	231
3493	27	230
3494	28	230
3495	27	231
3496	27	230
3497	27	230
3498	28	231
3499	28	231
3500	29	231
3501	28	231
3502	29	232
3503	29	230
3504	27	230
3505	29	231
3506	28	231
3507	28	231
3508	29	231
3509	27	230
3510	28	231
3511	29	231
3512	28	231
3513	27	231
3514	29	230
3515	27	230
3516	28	231
3517	28	230
3518	28	230
3519	28	230
3520	28	230
3521	28	230
3522	26	230
3523	28	231
3524	28	231
3525	27	229
3526	27	229
3527	27	230
3528	27	230
3529	26	229
3530	26	230
3531	29	231
3532	28	230
3533	28	230
3534	27	231
3535	28	231
3536	29	231
3537	29	230
3538	29	230
3539	28	231
3540	29	231
3541	28	230
3542	29	231
3543	28	231
3544	28	230
3545	28	230
3546	26	230
3547	28	230
3548	28	231
3549	27	230
3550	28	230
3551	28	230
3552	28	231
3553	28	231
3554	28	231
3555	29	230
3556	27	230
3557	27	230
3558	28	230
3559	26	230
3560	26	230
3561	28	230
3562	28	230
3563	28	230
3564	28	231
3565	28	231
3566	27	231
3567	28	231
3568	28	231
3569	29	230
3570	28	231
3571	27	230
3572	29	230
3573	27	231
3574	28	230
3575	25	228
3576	30	231
3577	28	230
3578	27	230
3579	27	230
3580	28	230
3581	27	230
3582	28	230
3583	26	230
3584	28	231
3585	28	231
3586	28	231
3587	28	230
3588	26	230
3589	27	230
3590	28	230
3591	26	230
3592	26	230
3593	27	230
3594	27	230
3595	27	230
3596	29	230
3597	28	231
3598	29	231
3599	28	230
3600	29	231
3601	28	230
3602	28	231
3603	29	231
3604	29	231
3605	28	231
3606	28	231
3607	28	231
3608	27	230
3609	27	230
3610	27	230
3611	27	230
3612	29	231
3613	28	230
3614	28	230
3615	27	230
3616	28	230
3617	27	230
3618	27	230
3619	28	230
3620	28	230
3621	27	230
3622	27	230
3623	27	229
3624	27	230
3625	27	230
3626	29	230
3627	27	230
3628	28	231
3629	29	231
3630	28	231
3631	28	231
3632	28	231
3633	29	231
3634	28	231
3635	28	230
3636	28	231
3637	27	230
3638	29	231
3639	28	230
3640	27	230
3641	28	231
3642	28	231
3643	27	230
3644	28	230
3645	27	230
3646	27	230
3647	27	230
3648	27	231
3649	28	230
3650	28	230
3651	26	229
3652	27	230
3653	28	230
3654	26	230
3655	26	229
3656	27	230
3657	27	229
3658	26	230
3659	29	231
3660	29	231
3661	28	230
3662	29	231
3663	28	231
3664	29	231
3665	27	230
3666	28	230
3667	28	231
3668	28	231
3669	28	231
3670	28	231
3671	28	231
3672	26	230
3673	27	230
3674	29	230
3675	27	230
3676	28	230
3677	27	230
3678	29	231
3679	27	230
3680	27	231
3681	27	230
3682	28	230
3683	27	230
3684	27	230
3685	27	231
3686	28	230
3687	26	230
3688	26	230
3689	27	230
3690	27	230
3691	28	231
3692	27	230
3693	29	231
3694	28	231
3695	29	231
3696	28	231
3697	28	231
3698	29	231
3699	27	230
3700	29	231
3701	29	231
3702	28	231
3703	28	231
3704	28	231
3705	28	230
3706	28	230
3707	27	231
3708	28	231
3709	26	230
3710	27	230
3711	27	231
3712	27	230
3713	27	231
3714	28	231
3715	27	231
3716	27	230
3717	27	230
3718	27	230
3719	27	230
3720	26	229
3721	27	230
3722	27	230
3723	27	230
3724	28	231
3725	28	231
3726	27	230
3727	29	231
3728	28	230
3729	28	231
3730	27	231
3731	28	231
3732	28	230
3733	28	231
3734	27	231
3735	27	231
3736	28	231
3737	28	231
3738	27	230
3739	26	230
3740	27	230
3741	28	231
3742	26	231
3743	27	231
3744	29	231
3745	27	230
3746	28	231
3747	28	231
3748	27	231
3749	27	231
3750	28	230
3751	27	229
3752	26	230
3753	28	231
3754	26	230
3755	27	231
3756	26	231
3757	29	231
3758	28	231
3759	27	230
3760	29	231
3761	29	231
3762	27	231
3763	27	231
3764	27	231
3765	28	230
3766	28	231
3767	28	231
3768	27	230
3769	30	231
3770	25	227
3771	29	230
3772	29	230
3773	26	230
3774	27	230
3775	29	231
3776	28	230
3777	27	230
3778	27	230
3779	27	230
3780	28	230
3781	27	230
3782	27	230
3783	26	230
3784	27	230
3785	28	230
3786	26	230
3787	28	230
3788	27	231
3789	27	231
3790	28	231
3791	28	231
3792	28	231
3793	28	230
3794	27	230
3795	28	231
3796	27	230
3797	28	230
3798	27	231
3799	27	231
3800	27	230
3801	28	230
3802	28	230
3803	27	230
3804	27	230
3805	27	230
3806	27	231
3807	29	231
3808	27	231
3809	28	231
3810	28	230
3811	27	231
3812	26	230
3813	28	231
3814	26	230
3815	27	230
3816	26	230
3817	27	231
3818	27	230
3819	27	231
3820	27	230
3821	29	231
3822	27	231
3823	28	231
3824	29	231
3825	28	231
3826	27	231
3827	28	231
3828	28	231
3829	28	231
3830	28	231
3831	27	230
3832	27	231
3833	27	230
3834	27	231
3835	27	230
3836	26	230
3837	27	230
3838	29	231
3839	27	231
3840	26	230
3841	27	230
3842	28	231
3843	26	230
3844	27	230
3845	27	231
3846	27	230
3847	27	229
3848	26	230
3849	26	230
3850	28	230
3851	27	230
3852	27	230
3853	27	231
3854	28	231
3855	29	231
3856	27	231
3857	29	231
3858	27	231
3859	28	231
3860	27	231
3861	27	231
3862	29	231
3863	26	230
3864	27	231
3865	27	231
3866	27	231
3867	27	231
3868	27	230
3869	28	230
3870	28	231
3871	27	231
3872	27	230
3873	27	231
3874	27	231
3875	26	230
3876	27	230
3877	28	231
3878	26	230
3879	28	231
3880	27	230
3881	27	230
3882	27	230
3883	28	230
3884	28	231
3885	27	231
3886	28	231
3887	28	231
3888	27	231
3889	28	231
3890	26	231
3891	28	231
3892	28	231
3893	28	231
3894	27	231
3895	26	231
3896	27	231
3897	28	230
3898	27	230
3899	27	230
3900	27	230
3901	27	231
3902	26	230
3903	28	231
3904	28	231
3905	26	231
3906	27	230
3907	26	230
3908	27	231
3909	27	230
3910	26	230
3911	28	230
3912	26	230
3913	26	229
3914	27	229
3915	28	230
3916	27	231
3917	28	230
3918	27	231
3919	27	230
3920	28	231
3921	27	231
3922	28	231
3923	28	231
3924	27	231
3925	28	231
3926	27	231
3927	28	231
3928	27	230
3929	27	231
3930	27	231
3931	28	230
3932	27	230
3933	26	230
3934	27	231
3935	27	231
3936	28	231
3937	26	231
3938	26	231
3939	27	231
3940	27	230
3941	27	230
3942	26	230
3943	27	230
3944	26	231
3945	27	232
3946	29	232
3947	26	230
3948	28	231
3949	29	231
3950	27	231
3951	28	231
3952	28	231
3953	29	231
3954	27	230
3955	27	231
3956	29	231
3957	27	231
3958	27	231
3959	26	231
3960	27	230
3961	27	231
3962	26	230
3963	26	230
3964	29	231
3965	23	227
3966	26	230
3967	29	231
3968	27	231
3969	26	230
3970	27	231
3971	28	230
3972	26	230
3973	26	230
3974	26	230
3975	26	230
3976	26	230
3977	27	230
3978	27	230
3979	27	230
3980	27	230
3981	29	232
3982	27	231
3983	27	230
3984	27	231
3985	28	231
3986	27	231
3987	27	230
3988	27	231
3989	27	231
3990	28	230
3991	28	230
3992	27	231
3993	28	231
3994	26	231
3995	26	230
3996	27	231
3997	26	230
3998	27	231
3999	27	231
4000	27	230
4001	26	230
4002	28	231
4003	26	230
4004	26	230
4005	29	230
4006	27	230
4007	27	230
4008	26	231
4009	27	231
4010	27	231
4011	26	231
4012	28	231
4013	29	231
4014	27	231
4015	28	231
4016	27	231
4017	26	230
4018	27	231
4019	27	231
4020	27	231
4021	28	231
4022	27	231
4023	26	231
4024	28	231
4025	28	231
4026	27	231
4027	27	231
4028	27	230
4029	27	231
4030	27	230
4031	27	230
4032	28	231
4033	26	230
4034	27	230
4035	28	231
4036	27	231
4037	26	231
4038	27	231
4039	27	230
4040	26	230
4041	26	230
4042	27	230
4043	26	230
4044	27	231
4045	28	231
4046	28	231
4047	28	231
4048	27	231
4049	26	231
4050	27	231
4051	27	231
4052	27	230
4053	28	231
4054	27	231
4055	27	231
4056	26	231
4057	28	230
4058	28	231
4059	26	230
4060	26	231
4061	26	230
4062	27	230
4063	27	231
4064	26	231
4065	28	231
4066	27	231
4067	26	230
4068	27	230
4069	26	231
4070	27	230
4071	26	230
4072	27	230
4073	27	230
4074	26	230
4075	27	231
4076	27	231
4077	27	231
4078	28	231
4079	28	231
4080	29	232
4081	27	231
4082	27	231
4083	28	231
4084	27	230
4085	28	231
4086	28	231
4087	27	231
4088	27	231
4089	26	231
4090	27	231
4091	27	231
4092	27	231
4093	26	230
4094	27	232
4095	27	230
