  Hz	 Vrms	dBV	deg
1000.0	0.244	-12.278	-5.0
1100.0	0.249	-12.098	-5.8
1200.0	0.256	-11.872	-6.7
1300.0	0.261	-11.678	-7.1
1400.0	0.270	-11.387	-7.7
1500.0	0.277	-11.167	-8.6
1600.0	0.283	-10.984	-9.2
1700.0	0.290	-10.781	-10.0
1800.0	0.296	-10.603	-10.9
1900.0	0.302	-10.433	-11.8
2000.0	0.308	-10.250	-12.8
2100.0	0.314	-10.090	-13.7
2200.0	0.322	-9.873	-15.0
2300.0	0.330	-9.637	-16.2
2400.0	0.339	-9.421	-17.5
2500.0	0.348	-9.181	-18.9
2600.0	0.358	-8.938	-20.7
2700.0	0.371	-8.643	-22.9
2800.0	0.383	-8.350	-25.1
2900.0	0.395	-8.081	-27.9
3000.0	0.409	-7.789	-31.0
3100.0	0.423	-7.487	-34.9
3200.0	0.438	-7.192	-39.2
3300.0	0.449	-6.979	-44.3
3400.0	0.459	-6.781	-50.3
3500.0	0.469	-6.601	-57.6
3600.0	0.473	-6.515	-65.7
3700.0	0.474	-6.509	-74.8
3800.0	0.465	-6.664	-84.6
3900.0	0.454	-6.877	-94.0
4000.0	0.439	-7.176	-103.0
4100.0	0.417	-7.610	-111.3
4200.0	0.396	-8.065	-118.5
4300.0	0.372	-8.598	-124.7
4400.0	0.353	-9.076	-129.8
4500.0	0.329	-9.668	-134.5
4600.0	0.310	-10.192	-138.3
4700.0	0.291	-10.753	-141.6
4800.0	0.273	-11.290	-144.3
4900.0	0.258	-11.780	-146.5
5000.0	0.242	-12.330	-148.6
5100.0	0.228	-12.861	-150.3
5200.0	0.216	-13.318	-152.0
5300.0	0.206	-13.760	-153.3
5400.0	0.193	-14.292	-154.8
5500.0	0.183	-14.778	-156.0
5600.0	0.177	-15.083	-157.1
5700.0	0.168	-15.533	-158.0
5800.0	0.157	-16.097	-158.8
5900.0	0.150	-16.491	-159.4
6000.0	0.143	-16.909	-160.1
6100.0	0.137	-17.272	-160.6
6200.0	0.131	-17.698	-161.3
6300.0	0.127	-17.931	-162.5
6400.0	0.121	-18.397	-162.5
6500.0	0.115	-18.786	-163.0
6600.0	0.110	-19.162	-163.1
6700.0	0.107	-19.469	-163.7
6800.0	0.102	-19.815	-163.8
6900.0	0.100	-20.062	-164.6
7000.0	0.096	-20.366	-164.6
7100.0	0.095	-20.505	-165.0
7200.0	0.091	-20.859	-165.3
7300.0	0.089	-21.044	-165.9
7400.0	0.086	-21.317	-166.5
7500.0	0.084	-21.530	-166.5
7600.0	0.081	-21.835	-166.6
7700.0	0.079	-22.057	-167.4
7800.0	0.077	-22.272	-167.6
7900.0	0.075	-22.566	-167.7
8000.0	0.072	-22.888	-167.7
8100.0	0.069	-23.181	-168.4
8200.0	0.067	-23.546	-167.3
8300.0	0.065	-23.731	-167.7
8400.0	0.063	-23.995	-168.8
8500.0	0.062	-24.192	-168.2
8600.0	0.060	-24.403	-168.7
8700.0	0.059	-24.542	-168.5
8800.0	0.057	-24.869	-168.8
8900.0	0.056	-25.023	-168.5
9000.0	0.055	-25.202	-168.9
9100.0	0.053	-25.482	-169.9
9200.0	0.052	-25.674	-169.4
9300.0	0.051	-25.808	-169.2
9400.0	0.050	-26.031	-169.1
9500.0	0.049	-26.156	-170.1
9600.0	0.049	-26.255	-169.7
9700.0	0.048	-26.476	-170.6
9800.0	0.047	-26.532	-170.5
9900.0	0.046	-26.747	-170.0
10000.0	0.046	-26.793	-171.4
  Hz	 Vrms	dBV	deg
1000.0	0.024	-32.348	168.8
1100.0	0.029	-30.670	171.1
1200.0	0.036	-28.984	168.9
1300.0	0.042	-27.479	165.6
1400.0	0.049	-26.291	164.9
1500.0	0.054	-25.385	163.4
1600.0	0.062	-24.189	163.9
1700.0	0.068	-23.351	164.5
1800.0	0.076	-22.407	163.2
1900.0	0.085	-21.480	163.2
2000.0	0.094	-20.564	155.9
2100.0	0.102	-19.839	156.1
2200.0	0.113	-18.928	155.1
2300.0	0.126	-17.994	154.6
2400.0	0.138	-17.240	153.6
2500.0	0.152	-16.400	153.0
2600.0	0.167	-15.552	152.3
2700.0	0.186	-14.637	150.6
2800.0	0.205	-13.768	148.6
2900.0	0.226	-12.941	146.8
3000.0	0.250	-12.071	144.2
3100.0	0.276	-11.205	141.2
3200.0	0.303	-10.390	137.4
3300.0	0.331	-9.627	133.0
3400.0	0.362	-8.853	127.6
3500.0	0.391	-8.175	121.1
3600.0	0.417	-7.611	113.4
3700.0	0.441	-7.124	105.0
3800.0	0.460	-6.775	95.6
3900.0	0.472	-6.545	85.7
4000.0	0.477	-6.445	75.9
4100.0	0.481	-6.377	67.2
4200.0	0.478	-6.439	59.3
4300.0	0.471	-6.553	52.4
4400.0	0.466	-6.661	46.8
4500.0	0.456	-6.836	42.0
4600.0	0.448	-7.000	38.1
4700.0	0.439	-7.174	34.9
4800.0	0.429	-7.372	32.6
4900.0	0.420	-7.551	30.3
5000.0	0.414	-7.688	28.5
5100.0	0.407	-7.829	25.1
5200.0	0.395	-8.090	23.4
5300.0	0.388	-8.241	22.0
5400.0	0.384	-8.328	20.6
5500.0	0.375	-8.535	19.7
5600.0	0.370	-8.647	18.5
5700.0	0.362	-8.837	17.9
5800.0	0.360	-8.900	16.8
5900.0	0.353	-9.055	16.3
6000.0	0.350	-9.133	15.5
6100.0	0.345	-9.255	14.9
6200.0	0.339	-9.407	14.4
6300.0	0.337	-9.459	14.0
6400.0	0.334	-9.550	13.6
6500.0	0.332	-9.596	13.2
6600.0	0.327	-9.719	13.0
6700.0	0.325	-9.780	12.5
6800.0	0.322	-9.869	12.0
6900.0	0.318	-9.973	12.0
7000.0	0.317	-9.991	11.6
7100.0	0.316	-10.030	11.3
7200.0	0.311	-10.161	11.1
7300.0	0.312	-10.151	10.8
7400.0	0.310	-10.185	10.6
7500.0	0.308	-10.240	10.3
7600.0	0.306	-10.298	10.2
7700.0	0.305	-10.331	10.0
7800.0	0.304	-10.357	9.8
7900.0	0.301	-10.450	9.7
8000.0	0.301	-10.462	9.6
8100.0	0.296	-10.588	9.4
8200.0	0.297	-10.576	9.1
8300.0	0.294	-10.648	8.9
8400.0	0.295	-10.620	9.1
8500.0	0.293	-10.695	8.8
8600.0	0.291	-10.756	8.7
8700.0	0.291	-10.743	8.6
8800.0	0.288	-10.821	8.4
8900.0	0.288	-10.827	8.3
9000.0	0.287	-10.871	8.2
9100.0	0.287	-10.871	8.1
9200.0	0.285	-10.918	8.0
9300.0	0.283	-10.974	8.0
9400.0	0.284	-10.968	7.6
9500.0	0.283	-10.972	7.7
9600.0	0.283	-10.986	7.5
9700.0	0.282	-11.030	7.5
9800.0	0.281	-11.038	7.5
9900.0	0.282	-11.016	7.4
10000.0	0.281	-11.042	7.2
  Hz	 Vrms	dBV	deg
1000.0	0.019	-34.302	80.0
1100.0	0.023	-32.931	82.1
1200.0	0.024	-32.310	80.5
1300.0	0.027	-31.453	79.4
1400.0	0.030	-30.417	79.2
1500.0	0.033	-29.575	78.8
1600.0	0.036	-28.854	78.9
1700.0	0.039	-28.268	78.7
1800.0	0.041	-27.815	78.3
1900.0	0.043	-27.363	76.6
2000.0	0.047	-26.522	76.6
2100.0	0.049	-26.154	76.0
2200.0	0.053	-25.584	75.4
2300.0	0.056	-25.000	73.9
2400.0	0.059	-24.538	73.0
2500.0	0.064	-23.951	71.3
2600.0	0.067	-23.474	69.3
2700.0	0.071	-22.987	68.3
2800.0	0.076	-22.389	65.4
2900.0	0.081	-21.818	62.5
3000.0	0.086	-21.335	59.3
3100.0	0.092	-20.767	56.0
3200.0	0.097	-20.320	51.1
3300.0	0.101	-19.899	46.0
3400.0	0.107	-19.474	39.7
3500.0	0.112	-19.020	32.7
3600.0	0.117	-18.690	24.1
3700.0	0.120	-18.432	14.7
3800.0	0.122	-18.290	4.5
3900.0	0.122	-18.272	-4.9
4000.0	0.121	-18.335	-14.3
4100.0	0.118	-18.572	-22.4
4200.0	0.115	-18.824	-29.0
4300.0	0.111	-19.118	-35.1
4400.0	0.107	-19.443	-40.7
4500.0	0.103	-19.754	-45.1
4600.0	0.100	-20.019	-48.6
4700.0	0.096	-20.406	-52.0
4800.0	0.093	-20.671	-54.9
4900.0	0.090	-20.971	-57.0
5000.0	0.087	-21.262	-59.0
5100.0	0.084	-21.536	-60.3
5200.0	0.081	-21.866	-62.0
5300.0	0.078	-22.198	-63.7
5400.0	0.074	-22.609	-64.6
5500.0	0.072	-22.914	-66.4
5600.0	0.069	-23.244	-67.1
5700.0	0.067	-23.563	-67.9
5800.0	0.065	-23.821	-69.1
5900.0	0.063	-23.977	-70.1
6000.0	0.061	-24.273	-70.1
6100.0	0.060	-24.492	-71.9
6200.0	0.058	-24.795	-71.7
6300.0	0.057	-24.979	-72.7
6400.0	0.055	-25.247	-72.8
6500.0	0.054	-25.441	-73.4
6600.0	0.052	-25.627	-74.2
6700.0	0.052	-25.763	-75.4
6800.0	0.051	-25.921	-75.0
6900.0	0.050	-26.081	-74.9
7000.0	0.049	-26.189	-75.9
7100.0	0.048	-26.334	-76.1
7200.0	0.048	-26.415	-75.8
7300.0	0.047	-26.561	-76.4
7400.0	0.046	-26.683	-78.1
7500.0	0.046	-26.851	-78.0
7600.0	0.045	-26.941	-77.4
7700.0	0.045	-26.956	-78.4
7800.0	0.044	-27.151	-78.8
7900.0	0.044	-27.247	-79.1
8000.0	0.043	-27.369	-79.3
8100.0	0.042	-27.494	-79.9
8200.0	0.042	-27.611	-80.2
8300.0	0.041	-27.718	-80.2
8400.0	0.040	-27.972	-80.2
8500.0	0.040	-28.012	-81.3
8600.0	0.039	-28.173	-79.9
8700.0	0.038	-28.405	-80.2
8800.0	0.038	-28.439	-79.9
8900.0	0.037	-28.570	-81.8
9000.0	0.037	-28.723	-81.5
9100.0	0.036	-28.863	-81.7
9200.0	0.035	-29.132	-81.8
9300.0	0.035	-29.082	-82.4
9400.0	0.035	-29.199	-83.3
9500.0	0.034	-29.429	-82.7
9600.0	0.034	-29.471	-82.2
9700.0	0.033	-29.604	-82.3
9800.0	0.033	-29.690	-82.1
9900.0	0.032	-29.802	-82.9
10000.0	0.032	-29.881	-82.7
