  Hz	 Vrms	dBV	deg
1000.0	0.147	-16.646	69.3
1100.0	0.163	-15.789	67.2
1200.0	0.181	-14.884	65.2
1300.0	0.198	-14.084	63.4
1400.0	0.210	-13.588	61.6
1500.0	0.222	-13.077	59.3
1600.0	0.233	-12.666	57.4
1700.0	0.245	-12.240	55.5
1800.0	0.260	-11.715	53.1
1900.0	0.276	-11.188	50.7
2000.0	0.289	-10.801	48.7
2100.0	0.298	-10.550	46.7
2200.0	0.309	-10.212	44.3
2300.0	0.319	-9.958	42.1
2400.0	0.327	-9.740	39.7
2500.0	0.338	-9.451	37.4
2600.0	0.349	-9.175	34.7
2700.0	0.358	-8.945	32.3
2800.0	0.368	-8.702	29.8
2900.0	0.376	-8.509	27.6
3000.0	0.381	-8.404	24.8
3100.0	0.387	-8.262	22.4
3200.0	0.394	-8.106	19.9
3300.0	0.400	-7.978	17.8
3400.0	0.403	-7.911	15.1
3500.0	0.406	-7.846	12.8
3600.0	0.409	-7.794	10.4
3700.0	0.410	-7.770	8.1
3800.0	0.414	-7.690	5.7
3900.0	0.414	-7.686	3.4
4000.0	0.416	-7.637	1.2
4100.0	0.416	-7.648	-0.7
4200.0	0.415	-7.665	-2.9
4300.0	0.415	-7.664	-5.1
4400.0	0.414	-7.671	-6.8
4500.0	0.413	-7.698	-9.1
4600.0	0.411	-7.743	-10.9
4700.0	0.410	-7.758	-12.7
4800.0	0.407	-7.831	-14.4
4900.0	0.399	-8.003	-16.2
5000.0	0.399	-7.996	-17.9
5100.0	0.402	-7.942	-19.1
5200.0	0.398	-8.034	-20.6
5300.0	0.396	-8.060	-22.1
5400.0	0.387	-8.268	-23.7
5500.0	0.387	-8.263	-24.7
5600.0	0.387	-8.256	-26.5
5700.0	0.383	-8.359	-27.9
5800.0	0.377	-8.494	-29.0
5900.0	0.377	-8.505	-30.0
6000.0	0.372	-8.613	-31.0
6100.0	0.365	-8.778	-32.5
6200.0	0.358	-8.946	-33.5
6300.0	0.357	-8.964	-34.6
6400.0	0.350	-9.133	-35.5
6500.0	0.346	-9.251	-36.5
6600.0	0.342	-9.346	-37.7
6700.0	0.339	-9.410	-38.4
6800.0	0.337	-9.471	-39.6
6900.0	0.334	-9.554	-40.4
7000.0	0.329	-9.683	-41.3
7100.0	0.327	-9.720	-42.0
7200.0	0.326	-9.759	-42.7
7300.0	0.322	-9.868	-43.4
7400.0	0.318	-9.975	-44.1
7500.0	0.316	-10.033	-44.7
7600.0	0.312	-10.143	-45.5
7700.0	0.310	-10.196	-46.2
7800.0	0.307	-10.269	-46.9
7900.0	0.303	-10.399	-47.4
8000.0	0.299	-10.505	-48.1
8100.0	0.298	-10.531	-48.8
8200.0	0.295	-10.622	-49.5
8300.0	0.291	-10.740	-50.0
8400.0	0.290	-10.771	-50.4
8500.0	0.286	-10.895	-51.0
8600.0	0.283	-10.975	-51.6
8700.0	0.278	-11.138	-51.9
8800.0	0.276	-11.197	-52.5
8900.0	0.273	-11.303	-53.1
9000.0	0.270	-11.379	-53.5
9100.0	0.265	-11.555	-54.1
9200.0	0.262	-11.646	-54.3
9300.0	0.262	-11.670	-54.9
9400.0	0.256	-11.853	-55.1
9500.0	0.254	-11.927	-55.8
9600.0	0.252	-12.002	-56.2
9700.0	0.251	-12.040	-56.6
9800.0	0.248	-12.136	-57.1
9900.0	0.246	-12.203	-57.4
10000.0	0.245	-12.225	-57.7
  Hz	 Vrms	dBV	deg
1000.0	0.048	-26.372	83.9
1100.0	0.053	-25.600	83.9
1200.0	0.056	-25.002	83.4
1300.0	0.059	-24.646	83.3
1400.0	0.061	-24.360	83.6
1500.0	0.064	-23.956	83.3
1600.0	0.066	-23.588	81.4
1700.0	0.071	-23.015	80.6
1800.0	0.076	-22.366	79.7
1900.0	0.082	-21.768	78.6
2000.0	0.091	-20.855	78.5
2100.0	0.100	-20.052	77.5
2200.0	0.110	-19.207	76.3
2300.0	0.116	-18.752	75.1
2400.0	0.123	-18.229	73.1
2500.0	0.129	-17.780	71.7
2600.0	0.138	-17.205	70.2
2700.0	0.148	-16.638	68.3
2800.0	0.158	-16.060	66.3
2900.0	0.169	-15.446	63.9
3000.0	0.185	-14.659	61.3
3100.0	0.203	-13.854	58.1
3200.0	0.219	-13.205	54.7
3300.0	0.236	-12.550	50.4
3400.0	0.252	-11.982	45.4
3500.0	0.272	-11.329	39.2
3600.0	0.291	-10.738	32.4
3700.0	0.305	-10.349	24.5
3800.0	0.318	-9.970	15.5
3900.0	0.324	-9.813	6.5
4000.0	0.326	-9.747	-2.3
4100.0	0.322	-9.855	-10.9
4200.0	0.315	-10.043	-19.0
4300.0	0.306	-10.304	-26.0
4400.0	0.296	-10.609	-31.7
4500.0	0.282	-11.001	-37.2
4600.0	0.266	-11.510	-41.7
4700.0	0.251	-12.011	-45.6
4800.0	0.242	-12.336	-49.2
4900.0	0.234	-12.645	-52.1
5000.0	0.223	-13.040	-54.7
5100.0	0.215	-13.358	-56.1
5200.0	0.205	-13.769	-58.1
5300.0	0.199	-14.061	-60.0
5400.0	0.189	-14.510	-61.7
5500.0	0.179	-14.963	-63.2
5600.0	0.171	-15.383	-64.4
5700.0	0.165	-15.663	-65.7
5800.0	0.157	-16.085	-66.4
5900.0	0.154	-16.248	-67.8
6000.0	0.151	-16.435	-68.1
6100.0	0.147	-16.687	-69.2
6200.0	0.142	-16.974	-70.2
6300.0	0.137	-17.275	-70.2
6400.0	0.134	-17.455	-71.6
6500.0	0.131	-17.669	-71.8
6600.0	0.129	-17.808	-72.9
6700.0	0.127	-17.948	-72.9
6800.0	0.124	-18.184	-73.7
6900.0	0.122	-18.299	-74.1
7000.0	0.119	-18.508	-74.5
7100.0	0.117	-18.643	-75.0
7200.0	0.115	-18.834	-75.4
7300.0	0.112	-19.049	-75.7
7400.0	0.110	-19.175	-76.2
7500.0	0.106	-19.540	-76.3
7600.0	0.104	-19.655	-76.7
7700.0	0.100	-19.990	-76.7
7800.0	0.097	-20.257	-76.9
7900.0	0.095	-20.444	-77.1
8000.0	0.094	-20.562	-77.7
8100.0	0.091	-20.826	-77.6
8200.0	0.089	-21.001	-77.8
8300.0	0.087	-21.209	-77.9
8400.0	0.085	-21.478	-78.3
8500.0	0.083	-21.670	-78.2
8600.0	0.082	-21.795	-78.4
8700.0	0.080	-21.966	-78.7
8800.0	0.078	-22.187	-78.6
8900.0	0.078	-22.195	-78.8
9000.0	0.076	-22.375	-79.2
9100.0	0.073	-22.713	-79.2
9200.0	0.073	-22.719	-79.3
9300.0	0.073	-22.732	-79.2
9400.0	0.072	-22.887	-78.9
9500.0	0.072	-22.892	-79.7
9600.0	0.071	-22.965	-79.8
9700.0	0.071	-23.055	-80.0
9800.0	0.070	-23.155	-80.2
9900.0	0.068	-23.335	-80.3
10000.0	0.067	-23.470	-80.3
  Hz	 Vrms	dBV	deg
1000.0	0.036	-28.959	85.6
1100.0	0.022	-33.170	84.8
1200.0	0.023	-32.727	86.9
1300.0	0.024	-32.388	85.2
1400.0	0.025	-32.079	87.2
1500.0	0.026	-31.593	90.2
1600.0	0.041	-27.661	88.3
1700.0	0.029	-30.704	85.0
1800.0	0.042	-27.537	84.9
1900.0	0.042	-27.485	85.3
2000.0	0.043	-27.444	83.8
2100.0	0.043	-27.396	83.3
2200.0	0.043	-27.323	82.9
2300.0	0.043	-27.297	83.3
2400.0	0.044	-27.120	83.6
2500.0	0.044	-27.079	83.3
2600.0	0.045	-26.958	82.5
2700.0	0.047	-26.596	82.1
2800.0	0.049	-26.223	80.7
2900.0	0.052	-25.701	80.3
3000.0	0.057	-24.859	79.1
3100.0	0.061	-24.276	78.5
3200.0	0.065	-23.805	75.9
3300.0	0.071	-23.046	73.7
3400.0	0.081	-21.884	70.2
3500.0	0.100	-19.982	65.1
3600.0	0.124	-18.158	56.6
3700.0	0.143	-16.896	42.6
3800.0	0.159	-15.995	21.0
3900.0	0.164	-15.705	-4.9
4000.0	0.156	-16.148	-26.6
4100.0	0.144	-16.868	-41.8
4200.0	0.129	-17.791	-52.2
4300.0	0.119	-18.544	-59.1
4400.0	0.104	-19.683	-64.4
4500.0	0.090	-20.960	-67.6
4600.0	0.080	-21.979	-70.0
4700.0	0.073	-22.757	-72.5
4800.0	0.069	-23.299	-74.0
4900.0	0.066	-23.623	-75.7
5000.0	0.065	-23.813	-76.8
5100.0	0.062	-24.157	-77.3
5200.0	0.061	-24.335	-79.1
5300.0	0.059	-24.674	-79.3
5400.0	0.056	-25.036	-78.8
5500.0	0.054	-25.428	-80.7
5600.0	0.051	-25.870	-80.2
5700.0	0.050	-26.052	-80.8
5800.0	0.049	-26.297	-81.8
5900.0	0.047	-26.621	-80.2
6000.0	0.047	-26.578	-80.6
6100.0	0.046	-26.733	-82.3
6200.0	0.046	-26.777	-82.0
6300.0	0.046	-26.722	-82.5
6400.0	0.046	-26.838	-83.2
6500.0	0.046	-26.852	-82.5
6600.0	0.045	-26.889	-82.5
6700.0	0.045	-26.970	-83.2
6800.0	0.044	-27.095	-83.3
6900.0	0.044	-27.091	-84.2
7000.0	0.044	-27.121	-84.6
7100.0	0.045	-26.960	-85.3
7200.0	0.044	-27.082	-85.2
7300.0	0.044	-27.152	-84.2
7400.0	0.044	-27.228	-85.9
7500.0	0.043	-27.304	-86.1
7600.0	0.044	-27.132	-84.0
7700.0	0.044	-27.198	-85.8
7800.0	0.043	-27.270	-85.8
7900.0	0.043	-27.333	-85.7
8000.0	0.043	-27.367	-86.6
8100.0	0.043	-27.424	-87.4
8200.0	0.043	-27.332	-85.2
8300.0	0.042	-27.473	-85.7
8400.0	0.042	-27.613	-86.8
8500.0	0.042	-27.647	-84.8
8600.0	0.042	-27.520	-86.8
8700.0	0.042	-27.611	-85.2
8800.0	0.042	-27.507	-85.7
8900.0	0.042	-27.602	-84.7
9000.0	0.042	-27.609	-86.7
9100.0	0.041	-27.719	-85.9
9200.0	0.041	-27.670	-86.4
9300.0	0.041	-27.696	-86.4
9400.0	0.041	-27.723	-86.9
9500.0	0.040	-27.890	-86.4
9600.0	0.041	-27.847	-85.7
9700.0	0.039	-28.197	-86.0
9800.0	0.040	-28.062	-86.9
9900.0	0.041	-27.700	-84.9
10000.0	0.039	-28.130	-86.3
