N	f/[kHz]	V/[dBV]
0	0.0153	-63.0
1	0.0458	-43.6
2	0.0763	-31.3
3	0.1068	-31.3
4	0.1373	-34.5
5	0.1678	-58.3
6	0.1984	-61.5
7	0.2289	-61.5
8	0.2594	-69.0
9	0.2899	-70.2
10	0.3204	-71.8
11	0.3510	-71.8
12	0.3815	-66.8
13	0.4120	-66.8
14	0.4425	-82.8
15	0.4730	-67.7
16	0.5035	-67.7
17	0.5341	-66.5
18	0.5646	-64.3
19	0.5951	-62.4
20	0.6256	-62.4
21	0.6561	-72.1
22	0.6866	-72.1
23	0.7172	-68.4
24	0.7477	-68.4
25	0.7782	-66.5
26	0.8087	-66.5
27	0.8392	-69.6
28	0.8698	-69.3
29	0.9003	-68.7
30	0.9308	-66.2
31	0.9613	-66.2
32	0.9918	-61.5
33	1.0223	-61.5
34	1.0529	-67.7
35	1.0834	-67.7
36	1.1139	-72.1
37	1.1444	-65.5
38	1.1749	-62.4
39	1.2054	-62.1
40	1.2360	-62.1
41	1.2665	-68.4
42	1.2970	-68.7
43	1.3275	-66.5
44	1.3580	-66.5
45	1.3885	-69.9
46	1.4191	-69.6
47	1.4496	-69.6
48	1.4801	-67.1
49	1.5106	-65.5
50	1.5411	-65.5
51	1.5717	-74.3
52	1.6022	-67.1
53	1.6327	-67.1
54	1.6632	-73.1
55	1.6937	-65.8
56	1.7242	-65.8
57	1.7548	-73.7
58	1.7853	-64.9
59	1.8158	-64.9
60	1.8463	-70.2
61	1.8768	-67.4
62	1.9073	-67.4
63	1.9379	-58.3
64	1.9684	-41.1
65	1.9989	-40.7
66	2.0294	-40.7
67	2.0599	-55.5
68	2.0905	-60.8
69	2.1210	-60.8
70	2.1515	-64.6
71	2.1820	-68.7
72	2.2125	-71.2
73	2.2430	-74.9
74	2.2736	-70.2
75	2.3041	-68.4
76	2.3346	-63.3
77	2.3651	-48.6
78	2.3956	-47.0
79	2.4261	-47.0
80	2.4567	-64.0
81	2.4872	-68.0
82	2.5177	-72.4
83	2.5482	-61.8
84	2.5787	-51.4
85	2.6093	-51.4
86	2.6398	-56.7
87	2.6703	-67.1
88	2.7008	-66.5
89	2.7313	-66.5
90	2.7618	-65.2
91	2.7924	-65.2
92	2.8229	-65.2
93	2.8534	-66.8
94	2.8839	-73.4
95	2.9144	-73.4
96	2.9449	-80.0
97	2.9755	-66.5
98	3.0060	-66.5
99	3.0365	-73.4
100	3.0670	-65.5
101	3.0975	-62.1
102	3.1281	-62.1
103	3.1586	-73.4
104	3.1891	-65.2
105	3.2196	-65.2
106	3.2501	-67.4
107	3.2806	-62.4
108	3.3112	-62.4
109	3.3417	-63.0
110	3.3722	-53.0
111	3.4027	-53.0
112	3.4332	-55.2
113	3.4637	-53.9
114	3.4943	-53.9
115	3.5248	-54.5
116	3.5553	-17.2
117	3.5858	-10.3
118	3.6163	-10.3
119	3.6469	-18.5
120	3.6774	-55.5
121	3.7079	-55.5
122	3.7384	-58.3
123	3.7689	-66.5
124	3.7994	-62.7
125	3.8300	-62.7
126	3.8605	-67.7
127	3.8910	-67.7
128	3.9215	-69.3
129	3.9520	-57.1
130	3.9825	-49.2
131	4.0131	-49.2
132	4.0436	-56.4
133	4.0741	-62.7
134	4.1046	-64.6
135	4.1351	-68.0
136	4.1656	-59.3
137	4.1962	-55.2
138	4.2267	-55.2
139	4.2572	-64.0
140	4.2877	-64.6
141	4.3182	-64.6
142	4.3488	-69.0
143	4.3793	-56.7
144	4.4098	-56.7
145	4.4403	-63.0
146	4.4708	-71.2
147	4.5013	-71.2
148	4.5319	-71.8
149	4.5624	-66.8
150	4.5929	-63.0
151	4.6234	-63.0
152	4.6539	-65.8
153	4.6844	-67.4
154	4.7150	-67.4
155	4.7455	-65.5
156	4.7760	-60.2
157	4.8065	-60.2
158	4.8370	-66.8
159	4.8676	-63.3
160	4.8981	-61.1
161	4.9286	-61.1
162	4.9591	-66.8
163	4.9896	-69.0
164	5.0201	-69.0
165	5.0507	-73.4
166	5.0812	-73.7
167	5.1117	-67.7
168	5.1422	-67.7
169	5.1727	-71.8
170	5.2032	-77.5
171	5.2338	-73.7
172	5.2643	-73.7
173	5.2948	-74.3
174	5.3253	-79.0
175	5.3558	-72.4
176	5.3864	-68.7
177	5.4169	-68.7
178	5.4474	-71.2
179	5.4779	-70.5
180	5.5084	-67.1
181	5.5389	-67.1
182	5.5695	-62.7
183	5.6000	-61.5
184	5.6305	-61.5
185	5.6610	-67.7
186	5.6915	-67.7
187	5.7220	-68.4
188	5.7526	-68.4
189	5.7831	-66.2
190	5.8136	-66.2
191	5.8441	-74.6
192	5.8746	-74.6
193	5.9052	-75.3
194	5.9357	-69.0
195	5.9662	-64.0
196	5.9967	-60.5
197	6.0272	-60.5
198	6.0577	-68.7
199	6.0883	-68.7
200	6.1188	-64.6
201	6.1493	-64.6
202	6.1798	-74.9
203	6.2103	-74.9
204	6.2408	-69.0
205	6.2714	-66.8
206	6.3019	-66.8
207	6.3324	-68.7
208	6.3629	-65.5
209	6.3934	-65.5
210	6.4240	-70.5
211	6.4545	-67.7
212	6.4850	-59.3
213	6.5155	-59.3
214	6.5460	-67.1
215	6.5765	-64.9
216	6.6071	-64.9
217	6.6376	-76.2
218	6.6681	-63.3
219	6.6986	-63.3
220	6.7291	-66.8
221	6.7596	-68.0
222	6.7902	-69.0
223	6.8207	-71.8
224	6.8512	-68.4
225	6.8817	-63.3
226	6.9122	-63.3
227	6.9427	-72.1
228	6.9733	-62.4
229	7.0038	-60.2
230	7.0343	-60.2
231	7.0648	-76.2
232	7.0953	-62.4
233	7.1259	-62.4
234	7.1564	-69.6
235	7.1869	-57.1
236	7.2174	-57.1
237	7.2479	-68.7
238	7.2784	-68.7
239	7.3090	-63.0
240	7.3395	-62.1
241	7.3700	-57.1
242	7.4005	-57.1
243	7.4310	-58.9
244	7.4615	-57.4
245	7.4921	-57.4
246	7.5226	-59.3
247	7.5531	-60.2
248	7.5836	-53.9
249	7.6141	-53.9
250	7.6447	-61.8
251	7.6752	-54.5
252	7.7057	-54.5
253	7.7362	-57.1
254	7.7667	-53.9
255	7.7972	-48.0
256	7.8278	-48.0
257	7.8583	-51.4
258	7.8888	-44.8
259	7.9193	-44.8
260	7.9498	-18.8
261	7.9803	-9.1
262	8.0109	-9.1
263	8.0414	-14.1
264	8.0719	-44.8
265	8.1024	-46.4
266	8.1329	-48.0
267	8.1635	-49.5
268	8.1940	-49.5
269	8.2245	-51.4
270	8.2550	-55.2
271	8.2855	-52.4
272	8.3160	-52.4
273	8.3466	-63.0
274	8.3771	-51.1
275	8.4076	-51.1
276	8.4381	-62.1
277	8.4686	-64.6
278	8.4991	-58.0
279	8.5297	-58.0
280	8.5602	-48.0
281	8.5907	-42.6
282	8.6212	-42.6
283	8.6517	-55.2
284	8.6823	-64.9
285	8.7128	-59.9
286	8.7433	-59.9
287	8.7738	-52.4
288	8.8043	-52.4
289	8.8348	-58.9
290	8.8654	-58.6
291	8.8959	-58.6
292	8.9264	-60.8
293	8.9569	-65.8
294	8.9874	-62.1
295	9.0179	-62.1
296	9.0485	-69.6
297	9.0790	-60.5
298	9.1095	-60.5
299	9.1400	-65.2
300	9.1705	-75.6
301	9.2010	-66.5
302	9.2316	-66.5
303	9.2621	-66.5
304	9.2926	-64.6
305	9.3231	-64.6
306	9.3536	-69.6
307	9.3842	-64.6
308	9.4147	-64.6
309	9.4452	-74.0
310	9.4757	-61.8
311	9.5062	-61.8
312	9.5367	-67.4
313	9.5673	-47.6
314	9.5978	-47.3
315	9.6283	-47.3
316	9.6588	-60.8
317	9.6893	-62.4
318	9.7198	-62.4
319	9.7504	-78.4
320	9.7809	-60.8
321	9.8114	-60.8
322	9.8419	-65.2
323	9.8724	-69.3
324	9.9030	-68.0
