N	f/[kHz]	V/[dBV]
0	0.0153	-59.0
1	0.0458	-43.3
2	0.0763	-31.1
3	0.1068	-31.1
4	0.1373	-34.2
5	0.1678	-59.0
6	0.1984	-72.2
7	0.2289	-72.2
8	0.2594	-72.5
9	0.2899	-72.5
10	0.3204	-72.8
11	0.3510	-73.1
12	0.3815	-73.1
13	0.4120	-74.1
14	0.4425	-72.8
15	0.4730	-72.8
16	0.5035	-73.1
17	0.5341	-73.1
18	0.5646	-72.2
19	0.5951	-72.2
20	0.6256	-82.9
21	0.6561	-76.6
22	0.6866	-75.7
23	0.7172	-75.7
24	0.7477	-77.2
25	0.7782	-77.2
26	0.8087	-80.4
27	0.8392	-80.4
28	0.8698	-76.6
29	0.9003	-76.6
30	0.9308	-80.7
31	0.9613	-82.2
32	0.9918	-81.9
33	1.0223	-81.9
34	1.0529	-83.5
35	1.0834	-79.1
36	1.1139	-79.1
37	1.1444	-81.9
38	1.1749	-70.3
39	1.2054	-70.3
40	1.2360	-73.1
41	1.2665	-77.2
42	1.2970	-77.2
43	1.3275	-73.5
44	1.3580	-73.5
45	1.3885	-72.2
46	1.4191	-72.2
47	1.4496	-79.4
48	1.4801	-68.8
49	1.5106	-68.8
50	1.5411	-73.8
51	1.5717	-74.1
52	1.6022	-74.1
53	1.6327	-75.3
54	1.6632	-83.2
55	1.6937	-82.6
56	1.7242	-82.6
57	1.7548	-82.6
58	1.7853	-78.2
59	1.8158	-78.2
60	1.8463	-78.2
61	1.8768	-77.5
62	1.9073	-77.5
63	1.9379	-79.4
64	1.9684	-65.3
65	1.9989	-65.3
66	2.0294	-66.9
67	2.0599	-69.4
68	2.0905	-66.2
69	2.1210	-66.2
70	2.1515	-78.5
71	2.1820	-70.3
72	2.2125	-70.3
73	2.2430	-77.2
74	2.2736	-69.7
75	2.3041	-69.7
76	2.3346	-72.8
77	2.3651	-68.8
78	2.3956	-66.6
79	2.4261	-66.6
80	2.4567	-77.5
81	2.4872	-70.6
82	2.5177	-70.6
83	2.5482	-77.8
84	2.5787	-67.5
85	2.6093	-67.5
86	2.6398	-74.1
87	2.6703	-66.9
88	2.7008	-66.9
89	2.7313	-68.4
90	2.7618	-75.0
91	2.7924	-75.3
92	2.8229	-80.4
93	2.8534	-71.6
94	2.8839	-63.1
95	2.9144	-63.1
96	2.9449	-70.0
97	2.9755	-76.3
98	3.0060	-73.5
99	3.0365	-73.5
100	3.0670	-68.1
101	3.0975	-62.5
102	3.1281	-62.5
103	3.1586	-64.0
104	3.1891	-60.6
105	3.2196	-60.6
106	3.2501	-67.2
107	3.2806	-60.9
108	3.3112	-60.9
109	3.3417	-62.8
110	3.3722	-56.8
111	3.4027	-56.8
112	3.4332	-60.9
113	3.4637	-54.3
114	3.4943	-52.8
115	3.5248	-52.8
116	3.5553	-14.8
117	3.5858	-7.9
118	3.6163	-7.9
119	3.6469	-16.0
120	3.6774	-51.2
121	3.7079	-51.2
122	3.7384	-54.6
123	3.7689	-65.3
124	3.7994	-59.7
125	3.8300	-59.7
126	3.8605	-65.3
127	3.8910	-64.7
128	3.9215	-64.7
129	3.9520	-67.8
130	3.9825	-65.6
131	4.0131	-65.6
132	4.0436	-75.0
133	4.0741	-61.5
134	4.1046	-61.5
135	4.1351	-67.2
136	4.1656	-62.5
137	4.1962	-58.1
138	4.2267	-58.1
139	4.2572	-71.6
140	4.2877	-63.1
141	4.3182	-63.1
142	4.3488	-71.3
143	4.3793	-60.0
144	4.4098	-60.0
145	4.4403	-67.2
146	4.4708	-69.4
147	4.5013	-66.9
148	4.5319	-66.9
149	4.5624	-66.2
150	4.5929	-65.0
151	4.6234	-65.0
152	4.6539	-71.9
153	4.6844	-68.1
154	4.7150	-68.1
155	4.7455	-69.4
156	4.7760	-59.0
157	4.8065	-59.0
158	4.8370	-61.8
159	4.8676	-76.9
160	4.8981	-76.9
161	4.9286	-80.0
162	4.9591	-73.5
163	4.9896	-73.5
164	5.0201	-77.5
165	5.0507	-77.5
166	5.0812	-81.6
167	5.1117	-79.7
168	5.1422	-75.3
169	5.1727	-63.1
170	5.2032	-63.1
171	5.2338	-63.1
172	5.2643	-78.2
173	5.2948	-78.2
174	5.3253	-85.7
175	5.3558	-84.1
176	5.3864	-71.9
177	5.4169	-71.9
178	5.4474	-73.5
179	5.4779	-69.1
180	5.5084	-69.1
181	5.5389	-71.3
182	5.5695	-67.2
183	5.6000	-66.2
184	5.6305	-66.2
185	5.6610	-73.5
186	5.6915	-73.5
187	5.7220	-75.3
188	5.7526	-75.3
189	5.7831	-64.7
190	5.8136	-64.7
191	5.8441	-75.7
192	5.8746	-78.2
193	5.9052	-78.2
194	5.9357	-84.8
195	5.9662	-66.9
196	5.9967	-63.7
197	6.0272	-63.7
198	6.0577	-74.1
199	6.0883	-72.2
200	6.1188	-72.2
201	6.1493	-72.8
202	6.1798	-65.9
203	6.2103	-65.9
204	6.2408	-70.9
205	6.2714	-65.9
206	6.3019	-65.9
207	6.3324	-68.8
208	6.3629	-72.8
209	6.3934	-77.5
210	6.4240	-76.0
211	6.4545	-72.8
212	6.4850	-65.3
213	6.5155	-65.3
214	6.5460	-74.7
215	6.5765	-75.7
216	6.6071	-75.7
217	6.6376	-77.5
218	6.6681	-71.9
219	6.6986	-69.7
220	6.7291	-69.7
221	6.7596	-73.8
222	6.7902	-76.9
223	6.8207	-80.0
224	6.8512	-76.6
225	6.8817	-64.7
226	6.9122	-64.7
227	6.9427	-73.5
228	6.9733	-67.2
229	7.0038	-67.2
230	7.0343	-73.8
231	7.0648	-71.6
232	7.0953	-65.6
233	7.1259	-65.6
234	7.1564	-68.1
235	7.1869	-65.3
236	7.2174	-65.3
237	7.2479	-67.8
238	7.2784	-66.9
239	7.3090	-65.3
240	7.3395	-65.3
241	7.3700	-62.5
242	7.4005	-62.5
243	7.4310	-65.0
244	7.4615	-63.1
245	7.4921	-63.1
246	7.5226	-67.8
247	7.5531	-67.8
248	7.5836	-56.2
249	7.6141	-56.2
250	7.6447	-67.5
251	7.6752	-57.8
252	7.7057	-57.8
253	7.7362	-63.7
254	7.7667	-61.2
255	7.7972	-53.7
256	7.8278	-53.7
257	7.8583	-54.6
258	7.8888	-48.7
259	7.9193	-48.7
260	7.9498	-22.3
261	7.9803	-12.3
262	8.0109	-12.3
263	8.0414	-17.6
264	8.0719	-48.4
265	8.1024	-50.2
266	8.1329	-52.4
267	8.1635	-54.0
268	8.1940	-54.0
269	8.2245	-58.4
270	8.2550	-60.9
271	8.2855	-55.9
272	8.3160	-55.9
273	8.3466	-68.1
274	8.3771	-58.4
275	8.4076	-58.4
276	8.4381	-65.0
277	8.4686	-66.9
278	8.4991	-62.5
279	8.5297	-62.5
280	8.5602	-63.1
281	8.5907	-60.6
282	8.6212	-60.6
283	8.6517	-67.8
284	8.6823	-67.8
285	8.7128	-69.7
286	8.7433	-69.7
287	8.7738	-65.0
288	8.8043	-65.0
289	8.8348	-69.1
290	8.8654	-64.0
291	8.8959	-64.0
292	8.9264	-67.8
293	8.9569	-72.2
294	8.9874	-64.4
295	9.0179	-64.4
296	9.0485	-77.2
297	9.0790	-65.6
298	9.1095	-65.6
299	9.1400	-71.9
300	9.1705	-70.0
301	9.2010	-67.2
302	9.2316	-67.2
303	9.2621	-68.1
304	9.2926	-66.9
305	9.3231	-66.9
306	9.3536	-70.9
307	9.3842	-70.9
308	9.4147	-72.5
309	9.4452	-73.5
310	9.4757	-66.2
311	9.5062	-66.2
312	9.5367	-69.4
313	9.5673	-69.4
314	9.5978	-69.4
315	9.6283	-74.7
316	9.6588	-76.6
317	9.6893	-66.9
318	9.7198	-66.9
319	9.7504	-76.3
320	9.7809	-70.0
321	9.8114	-70.0
322	9.8419	-76.0
323	9.8724	-75.3
324	9.9030	-75.3
