N	f/[kHz]	V/[dBV]
0	0.0153	-59.1
1	0.0458	-65.7
2	0.0763	-53.8
3	0.1068	-53.8
4	0.1373	-62.9
5	0.1678	-63.8
6	0.1984	-56.9
7	0.2289	-56.9
8	0.2594	-57.8
9	0.2899	-57.8
10	0.3204	-60.4
11	0.3510	-61.6
12	0.3815	-65.1
13	0.4120	-64.1
14	0.4425	-64.1
15	0.4730	-56.9
16	0.5035	-56.9
17	0.5341	-60.7
18	0.5646	-62.9
19	0.5951	-67.9
20	0.6256	-72.0
21	0.6561	-56.0
22	0.6866	-51.9
23	0.7172	-51.9
24	0.7477	-55.7
25	0.7782	-51.6
26	0.8087	-51.6
27	0.8392	-53.5
28	0.8698	-59.4
29	0.9003	-59.4
30	0.9308	-61.6
31	0.9613	-61.6
32	0.9918	-59.7
33	1.0223	-59.7
34	1.0529	-59.7
35	1.0834	-58.8
36	1.1139	-56.3
37	1.1444	-56.3
38	1.1749	-57.8
39	1.2054	-57.8
40	1.2360	-60.4
41	1.2665	-66.9
42	1.2970	-60.4
43	1.3275	-60.4
44	1.3580	-61.9
45	1.3885	-55.7
46	1.4191	-55.7
47	1.4496	-57.5
48	1.4801	-61.0
49	1.5106	-61.0
50	1.5411	-59.4
51	1.5717	-58.2
52	1.6022	-57.8
53	1.6327	-57.8
54	1.6632	-60.4
55	1.6937	-60.4
56	1.7242	-56.6
57	1.7548	-56.6
58	1.7853	-55.3
59	1.8158	-55.3
60	1.8463	-63.2
61	1.8768	-59.7
62	1.9073	-59.7
63	1.9379	-58.5
64	1.9684	-40.3
65	1.9989	-40.3
66	2.0294	-40.6
67	2.0599	-58.2
68	2.0905	-58.2
69	2.1210	-59.7
70	2.1515	-58.8
71	2.1820	-58.8
72	2.2125	-60.4
73	2.2430	-60.4
74	2.2736	-57.5
75	2.3041	-56.6
76	2.3346	-56.6
77	2.3651	-51.3
78	2.3956	-45.3
79	2.4261	-45.3
80	2.4567	-56.3
81	2.4872	-58.8
82	2.5177	-64.1
83	2.5482	-54.4
84	2.5787	-50.9
85	2.6093	-50.9
86	2.6398	-53.1
87	2.6703	-57.8
88	2.7008	-61.3
89	2.7313	-57.8
90	2.7618	-57.8
91	2.7924	-60.7
92	2.8229	-61.6
93	2.8534	-61.6
94	2.8839	-55.3
95	2.9144	-55.3
96	2.9449	-61.6
97	2.9755	-55.7
98	3.0060	-55.7
99	3.0365	-57.5
100	3.0670	-48.4
101	3.0975	-48.4
102	3.1281	-56.6
103	3.1586	-53.5
104	3.1891	-46.9
105	3.2196	-46.9
106	3.2501	-54.1
107	3.2806	-45.3
108	3.3112	-45.3
109	3.3417	-57.5
110	3.3722	-42.2
111	3.4027	-42.2
112	3.4332	-51.3
113	3.4637	-37.8
114	3.4943	-35.3
115	3.5248	-35.3
116	3.5553	3.0
117	3.5858	9.9
118	3.6163	9.9
119	3.6469	1.8
120	3.6774	-29.9
121	3.7079	-29.9
122	3.7384	-33.7
123	3.7689	-40.6
124	3.7994	-38.1
125	3.8300	-38.1
126	3.8605	-53.8
127	3.8910	-45.6
128	3.9215	-45.6
129	3.9520	-47.5
130	3.9825	-46.6
131	4.0131	-46.6
132	4.0436	-50.3
133	4.0741	-49.7
134	4.1046	-47.8
135	4.1351	-47.8
136	4.1656	-47.2
137	4.1962	-45.9
138	4.2267	-45.9
139	4.2572	-54.1
140	4.2877	-50.9
141	4.3182	-50.9
142	4.3488	-54.4
143	4.3793	-49.7
144	4.4098	-49.7
145	4.4403	-56.0
146	4.4708	-57.2
147	4.5013	-50.9
148	4.5319	-50.9
149	4.5624	-49.7
150	4.5929	-49.7
151	4.6234	-51.6
152	4.6539	-55.0
153	4.6844	-57.2
154	4.7150	-57.2
155	4.7455	-54.1
156	4.7760	-47.5
157	4.8065	-47.5
158	4.8370	-52.5
159	4.8676	-57.2
160	4.8981	-57.2
161	4.9286	-61.0
162	4.9591	-62.2
163	4.9896	-61.6
164	5.0201	-61.6
165	5.0507	-58.8
166	5.0812	-58.8
167	5.1117	-60.0
168	5.1422	-60.0
169	5.1727	-50.9
170	5.2032	-50.9
171	5.2338	-52.8
172	5.2643	-58.8
173	5.2948	-59.7
174	5.3253	-70.7
175	5.3558	-56.9
176	5.3864	-55.7
177	5.4169	-55.7
178	5.4474	-59.7
179	5.4779	-54.1
180	5.5084	-54.1
181	5.5389	-56.6
182	5.5695	-61.6
183	5.6000	-53.1
184	5.6305	-53.1
185	5.6610	-58.2
186	5.6915	-58.5
187	5.7220	-63.8
188	5.7526	-62.6
189	5.7831	-62.6
190	5.8136	-63.2
191	5.8441	-62.2
192	5.8746	-62.2
193	5.9052	-63.5
194	5.9357	-62.2
195	5.9662	-55.3
196	5.9967	-55.3
197	6.0272	-55.7
198	6.0577	-59.4
199	6.0883	-59.4
200	6.1188	-59.7
201	6.1493	-67.9
202	6.1798	-61.6
203	6.2103	-54.4
204	6.2408	-54.4
205	6.2714	-52.8
206	6.3019	-52.8
207	6.3324	-53.5
208	6.3629	-50.0
209	6.3934	-46.2
210	6.4240	-46.2
211	6.4545	-59.7
212	6.4850	-55.7
213	6.5155	-55.7
214	6.5460	-56.3
215	6.5765	-56.3
216	6.6071	-56.6
217	6.6376	-58.5
218	6.6681	-58.5
219	6.6986	-63.2
220	6.7291	-63.2
221	6.7596	-61.0
222	6.7902	-61.0
223	6.8207	-63.2
224	6.8512	-58.5
225	6.8817	-54.1
226	6.9122	-54.1
227	6.9427	-58.2
228	6.9733	-60.4
229	7.0038	-60.4
230	7.0343	-60.4
231	7.0648	-53.5
232	7.0953	-53.5
233	7.1259	-54.7
234	7.1564	-60.4
235	7.1869	-60.4
236	7.2174	-58.5
237	7.2479	-56.3
238	7.2784	-46.9
239	7.3090	-46.9
240	7.3395	-52.2
241	7.3700	-59.1
242	7.4005	-57.2
243	7.4310	-56.9
244	7.4615	-56.9
245	7.4921	-55.7
246	7.5226	-55.7
247	7.5531	-56.0
248	7.5836	-53.5
249	7.6141	-53.1
250	7.6447	-53.1
251	7.6752	-61.0
252	7.7057	-52.5
253	7.7362	-52.5
254	7.7667	-50.9
255	7.7972	-45.6
256	7.8278	-45.6
257	7.8583	-45.9
258	7.8888	-42.8
259	7.9193	-42.8
260	7.9498	-15.5
261	7.9803	-5.8
262	8.0109	-5.8
263	8.0414	-10.8
264	8.0719	-42.8
265	8.1024	-41.8
266	8.1329	-41.8
267	8.1635	-50.9
268	8.1940	-50.9
269	8.2245	-52.2
270	8.2550	-52.2
271	8.2855	-52.2
272	8.3160	-54.4
273	8.3466	-54.7
274	8.3771	-50.3
275	8.4076	-50.3
276	8.4381	-50.9
277	8.4686	-58.8
278	8.4991	-58.8
279	8.5297	-59.4
280	8.5602	-51.9
281	8.5907	-44.7
282	8.6212	-44.7
283	8.6517	-52.8
284	8.6823	-58.8
285	8.7128	-57.8
286	8.7433	-57.8
287	8.7738	-57.8
288	8.8043	-57.8
289	8.8348	-58.5
290	8.8654	-53.1
291	8.8959	-52.8
292	8.9264	-52.8
293	8.9569	-57.8
294	8.9874	-57.8
295	9.0179	-62.2
296	9.0485	-62.2
297	9.0790	-56.3
298	9.1095	-54.4
299	9.1400	-54.4
300	9.1705	-59.1
301	9.2010	-59.1
302	9.2316	-59.4
303	9.2621	-57.8
304	9.2926	-57.8
305	9.3231	-59.1
306	9.3536	-59.1
307	9.3842	-60.0
308	9.4147	-56.9
309	9.4452	-56.0
310	9.4757	-52.8
311	9.5062	-52.8
312	9.5367	-57.5
313	9.5673	-46.9
314	9.5978	-45.6
315	9.6283	-45.6
316	9.6588	-61.3
317	9.6893	-58.2
318	9.7198	-58.2
319	9.7504	-58.8
320	9.7809	-51.9
321	9.8114	-51.9
322	9.8419	-56.0
323	9.8724	-61.9
324	9.9030	-65.4
